114 54  104 3   48  8   85  79  139 101 89  133 88  140 118 108
111 53  84  69  113 103 2   12  127 132 128 9   40  34  8   24
48  31  98  22  115 28  96  2   52  120 95  133 14  127 88  45
56  40  135 81  19  16  129 25  5   86  114 4   48  13  114 10
85  46  24  109 37  138 119 101 5   42  118 136 59  28  70  6
140 127 79  76  22  90  105 12  18  24  116 97  128 10  121 49
115 6   49  5   10  139 134 89  18  73  24  44  46  62  94  92
88  70  31  97  115 87  137 20  76  23  129 52  81  19  15  66
137 26  124 75  56  104 30  83  50  27  13  124 27  113 78  74
117 44  78  34  118 68  81  49  51  123 111 26  25  91  55  9
17  36  50  23  71  16  115 130 95  14  71  89  53  37  35  60
53  117 43  1   30  136 67  35  77  94  69  126 93  39  90  17
117 53  16  23  69  36  106 102 65  50  25  64  76  47  107 58
126 103 109 7   36  38  77  32  87  132 125 39  140 34  95  63
32  37  108 5   123 140 127 65  47  122 106 102 81  95  34  82
82  61  106 99  55  89  80  39  3   127 7   54  131 103 69  14
82  50  109 119 100 23  119 11  38  28  1   80  55  68  39  48
103 107 49  110 16  72  100 62  33  83  2   12  138 112 68  29
135 41  21  5   20  72  129 2   110 78  16  86  21  41  57  98
106 91  50  36  114 75  2   37  118 112 55  5   31  103 84  7