75 62 82 85 91 62 91 64 81 64 91 74 85 84
64 74 74 82 84 83 81 63 81 81 74 74 82 62
64 75 83 82 84 91 75 74 65 83 75 75 75 93
63 65 65 81 63 81 75 85 75 75 64 62 82 92
85 74 63 82 75 74 83 81 65 81 84 85 64 85
64 85 85 63 82 72 62 83 62 81 81 72 81 64
63 75 82 81 64 83 63 82 85 81 63 63 63 04
74 81 91 91 84 63 85 84 65 64 85 65 62 94
62 62 85 91 85 91 74 91 72 75 64 65 75 71
65 83 62 64 74 81 82 84 62 82 64 91 81 93
65 62 64 84 84 91 83 85 74 91 81 65 72 74
83 83 85 82 83 64 62 72 62 65 62 83 75 92
72 63 82 82 72 72 83 82 85 84 75 82 81 83
72 84 62 82 83 75 81 64 75 74 85 81 62 92