85  20  184 6   242 28  206 25  100 253 75  172 48  176 75  173 114 215 16  230 172 31  124 24  158
164 61  210 98  250 183 158 86  123 27  234 68  40  172 260 35  221 258 61  66  153 117 80  176 166
132 263 93  43  73  140 53  188 245 58  131 18  149 56  78  132 102 63  118 188 74  62  116 2   85
10  222 142 15  38  164 161 52  3   202 203 71  167 220 145 4   227 259 227 158 247 157 82  4   17
225 254 37  236 186 61  249 999 55  222 104 221 68  91  248 12  140 23  35  146 150 155 224 58  228
128 82  86  251 170 114 124 50  11  231 139 164 27  64  7   47  104 208 64  48  172 19  72  184 241
169 31  29  147 209 28  22  60  248 186 39  58  37  51  83  210 224 93  107 229 263 104 32  177 103
44  233 226 80  173 113 214 66  44  26  224 245 5   73  257 211 49  115 159 22  157 154 112 16  217
243 197 216 46  36  234 148 13  154 63  152 221 224 132 65  22  182 182 9   78  261 116 174 110 90
179 999 131 23  70  174 105 19  188 256 114 9   76  99  221 136 60  205 59  219 19  248 179 129 97
89  31  250 242 138 52  123 250 168 249 26  187 78  26  173 66  122 162 8   250 163 228 116 69  134
246 208 200 191 117 111 111 92  66  189 127 92  190 98  45  232 245 115 213 184 93  255 134 77  68
111 47  78  203 38  174 119 110 223 136 232 95  139 60  183 183 180 201 111 55  128 211 30  230 4
213 140 23  110 183 225 170 114 66  257 200 101 86  144 160 62  81  244 73  70  156 21  39  56  250
116 92  194 153 55  55  137 47  43  200 194 47  78  94  173 123 37  252 151 106 21  175 213 238 115
24  177 225 162 85  92  177 31  112 194 193 47  61  241 56  4   6   37  247 50  159 9   231 100 234
196 96  262 104 61  108 153 204 233 192 60  62  132 184 20  46  262 58  246 224 237 94  107 151 14
18  207 33  168 201 180 87  136 147 116 11  246 226 91  99  126 86  29  165 130 107 157 211 86  2
252 84  218 183 127 189 171 85  227 100 98  93  48  7   196 92  125 236 63  135 236 66  199 252 166
155 133 3   61  143 118 156 141 215 230 14  249 179 84  195 186 156 45  164 158 205 108 221 55  79
148 99  239 202 55  231 232 230 131 150 999 40  107 249 104 177 202 162 175 98  46  254 107 206 106
264 74  70  100 25  42  249 236 232 114 125 165 115 131 51  9   61  210 70  240 247 133 25  68  117
252 56  9   160 122 229 250 177 41  4   2   82  4   207 67  119 54  238 197 151 172 57  121 999 133
210 44  82  235 73  25  75  239 83  45  63  105 6   154 233 124 127 164 128 261 161 195 129 240 39
212 236 125 120 93  68  47  168 176 220 26  97  86  112 157 185 208 31  