1 2 3 4 5 6 7 8 9 10 11 12 13 14 15 16 17 9 18 19 20 21 2 22 4 23 21 24 25 26 27 28 29 30 31 32 33 31 34 35
36 37 38 39 40 19 41 42 43 44 45 46 7 47 48 49 50 51 52 1 5 53 54 55 56 20 57 58 59 60 9 61 62 63 36 64 28 65 66 67
68 69 1 70 71 5 72 73 74 75 76 77 16 78 79 61 15 80 81 82 2 83 84 85 86 87 88 89 90 5 91 88 92 93 94 40 95 90 96 97
12 29 4 98 31 99 68 100 101 102 103 104 14 14 36 76 105 39 106 107 33 108 109 110 35 24 33 15 111 112 113 114 115 116 117 57 118 119 120 121
122 110 73 123 124 23 125 100 126 9 127 128 15 129 130 88 131 45 126 39 37 132 133 56 39 70 134 73 40 135 127 62 136 86 93 86 137 138 68 37
137 37 139 10 136 50 140 141 73 99 45 142 31 143 144 145 8 4 52 19 146 147 148 93 149 150 31 151 40 9 42 152 112 119 153 154 43 155 118 156
157 70 37 158 40 27 87 159 160 99 13 161 4 162 163 74 92 47 12 164 165 25 131 109 11 166 48 167 168 169 118 14 117 111 170 2 130 171 160 60
172 113 173 55 45 71 174 29 138 175 168 176 13 39 4 177 178 154 4 179 39 18 95 180 2 56 181 108 33 182 9 183 184 185 113 23 165 7 36 186
106 187 36 56 188 189 190 191 79 192 193 20 38 72 172 194 195 20 32 196 197 40 198 180 77 143 199 36 109 2 36 37 9 200 178 110 201 172 90 74
108 130 202 31 71 143 36 144 173 154 56 203 31 204 136 205 153 206 31 37 207 124 65 194 145 208 120 128 83 3 209 210 53 95 211 147 212 198 16 213
89 214 118 32 22 215 56 162 179 67 216 12 217 218 36 148 219 220 197 180 11 221 201 222 223 83 224 157 225 226 227 228 165 229 129 209 12 207 230 231
130 22 83 120 120 232 116 233 234 52 62 114 90 235 155 197 84 41 7 236 127 90 43 15 147 237 238 239 240 241 85 216 16 45 159 36 242 55 243 27
62 244 44 14 6 195 245 129 32 206 57 87 227 90 39 169 120 246 247 83 52 2 46 50 48 71 104 22 108 17 248 17 207 57 249 216 243 200 204 118
250 51 108 134 52 251 13 28 29 162 110 39 190 20 227 244 197 72 82 179 50 165 37 252 141 253 2 40 49 251 254 241 31 217 138 127 37 164 241 158
128 235 71 29 255 256 124 216 197 74 157 108 196 144 155 177 135 3 234 43 73 37 257 258 179 259 42 260 150 232 213 51 202 210 197 261 179 41 13 166
37 197 236 53 119 239 262 130 97 51 55 260 119 73 263 245 127 215