10 15 56 8 8 2 4 11 41 50 6 43 15 45 27 39 34
7 35 18 22 44 43 32 23 39 19 25 3 36 37 29 20 57
13 16 15 15 33 6 34 7 6 51 38 21 46 35 54 36 14
53 44 55 13 24 1 35 37 30 12 38 20 15 47 34 21 31
29 22 42 53 45 10 35 39 23 40 2 46 28 11 14 16 54
3 36 22 13 15 18 55 30 48 58 12 50 11 20 49 54 15
1 16 15 7 5 11 56 16 15 47 15 44 23 43 2 16 16
19 48 21 17 37 15 38 55 3 51 31 12 54 39 21 24 40
16 37 21 29 30 15 41 52 26 14 8 42 4 57 34 50 49
13 25 26 38 31 18 48 26 27 30 56 41 59 6 47 17 51
15 18 5 22 43 39 26 35 36 16 30 49 42 53 10 55 23
44 24 14 48 27 4 5 43 52 11 54 7 46 58 15 39 20
37 31 9 53 44 39 17 50 56 25 41 29 20 49 32 6 15
15 4 56 5 22 48 20 16 38 23 44 27 42 4 12 41 52
15 14 5 24 37 30 14 17 25 1 13 18 7 19 4 4 57
15 14 15 59 2 16 18 21 47 44 38 19 25 3 34 53 45
50 30 15 46 58 40 47 10 28 15 15 18 56 26 45 11 27
42 43 39 55 57 47 35 47 41 42 37 54 56 36 40 15 39