22 10 5  43 5  25 50 42 45 54 54 26 62 11 32 9  55
27 32 53 54 7  25 38 39 40 45 16 15 52 52 19 38 41
7  24 5  39 27 63 55 17 11 27 20 21 15 53 47 9  7
24 18 62 35 15 40 54 19 26 22 55 41 38 7  42 41 34
26 43 27 53 41 39 36 10 54 42 23 32 13 14 40 20 38
16 29 1  42 37 11 15 43 21 13 5  33 55 53 25 34 48
28 50 30 6  41 22 8  54 39 32 59 60 31 26 17 41 61
40 46 7  33 18 35 42 2  56 4  22 59 57 1  41 5  8
31 34 36 41 37 42 53 6  1  41 27 30 51 58 31 38 32
42 41 7  1  31 41 5  6  33 59 42 61 52 34 18 17 30
59 60 44 41 32 7  61 3  42 61 53 54 1  33 55 45 39
34 7  4  11 30 40 50 38 59 62 61 41 35 23 1  32 56
5  36 23 6  59 39 57 60 43 45 22 56 63 56 10 41 57
61 65 23 41 7  58 9  44 59 37 11 41 35 5  24 33 45
14 25 34 43 56 8  15 6  60 13 51 12 41 38 14 54 14
38 10 39 32 52 41 18 13 14 9  33 15 49 51 42 43 19
13 36 51 11 8  20 34 41 42 22 51 41 14 42 47 3  57
64 41 42 40 6  54 26 41 55 53 62 29 15 54 32 27 58
1  25 13 38 48 12 21 39 42 40 9  63 23 38 14 52 27
49 33 10 51 36 27 25 15 41 42 52 56 50 30 26 15 22