29  41  47  51   5  16   3  62  41  27  14  13  44  17  16  39  13
40  40  44  42  14   8  21   6  38  32  18  61  56  29   4  30  50
10  14  13  17  33   6  44  19  20  51  16  49  32  40  44  50   6
33  55  26  38  51  21  35  27  58   1  21  37  34  16  39   2  51
40  51  43   3  55  52  24   5  55  51  45  30   7  55  23  26  39
30  27  36   5  41  36  60  39  47  25  31  55  63  24  28  33  18
19  28   2  19  13   4  15   7  60  20  38  46  25  20  25   6  38
31  22   3  45  56  42  58  43  17  38  51  59  37  30   7  56  31
47  31  51   2   1   1  58   8  29   9  47   7  58   5   9  53  44
55  57  30  50  12  24  54  25  39  34  48  27  50  54  50  11   5
61  16  21  60  57  50   1  37  24  10  62  34  31   1  30  32  10
51  30  25  34  23  45  13  29  54  51   6   9  29  33  37   8  25
 4   2  43   2  45  39  61  55  52  38  18  26  30  21  55  13  26
11  36  15  39  56  10   9   5  39  56   5  35  27  36   4  13  36
36  44  17  38   1  24  54  12  58  22  27  31  20  45  50  24  26
61  47  10  49  56  21  10  31  61  14  61  33   2  27   8  50  28
 6  54  25   1   8  28   1  61  43  20  60  11  31  36  20  14  33
60  43   8  59  61  56  19  13  12  59  22  61  25  13  46  58   5
54  16  30  14  55  26   8  31  28  58  60  20  27  23  14  55   7
30  43  41  14   2  12   7   6  13   4  16  21  15  45  50  19  31
30  35  45  44  21  29   8  28  62   1  48  23  13  12  27   5  26