35   4  37  24  37  38  43  52   3  61  49   1  54   8  48  57  13
10  39  44  19  44  23  61  22  62  20  12  17  18  35  36  28   1
23  48  21  11  33  48  26  24  29  63  55  11  16   5  60   9   1
 8   4  12  56  61  28  48  51  39  38  12  52  20  53  47  27  31
32  18   6  21  60  20  30   5  59  55  11  16  61  47  46   5   6
59  29  11  13  56  17  26  10  53  46  28   5  47  20   5  50  15
11  33  11  26  23  23  47  26  10  32  60  58  24  37   5  25  30
29   9  46  27  58  54  59  47  29  13   6  33  43  42  21  47  28
39  51  62  37  13  21  63  42  13  29  15   8  38  20  10  32  27
36  25  46  12  57  28  57  28  31  58  51  59  51   8  61  20  15
25   9  36  23  63  42  54   7  28  10  27  36   3  22  33  56   2
46   9  30   9   4  34  39  12  10  62  12   6  38  47  41  49  17
49  53  22  10  39  40  61  63  20  49  59  11  61  13   6  36  59
11  53  60  49  59  25  32   7  50  42  25  29  44  47  17  18  15
32  15  56   7  37  62  24  56  55  46   9  20  47  55  18  25  10
45  25   9  36  26  17  56  15  33  27  58  22   6   4  28  49  39
14  37  45  42  58   4  63  55  51  20  62  51  12  53  49   2   8
39  26   6   7  28  49   8  37  14  45  42  32  11  33   9   9  41
10  62  42  44   7  30  21  56  33  54  54  39  43  20  33  26  27
21  27   6  42  33  25  25  32  44   4  28  35  56  12  11  49  56