1  2  1  3  4  5  6  7  8  9  10 11 12 13 14 15 16
17 18 19 20 21 22 1  23 24 1  17 25 26 27 28 29 10
17 30 31 32 6  33 34 26 5  6  19 11 35 24 20 36 29
21 1  37 38 31 1  27 32 39 11 2  40 22 6  36 25 26
41 42 43 27 35 10 24 7  5  1  44 30 6  26 30 3  45
30 33 11 46 1  19 14 27 16 20 3  47 21 8  22 2  24
20 48 6  21 45 18 40 34 35 6  5  49 30 14 50 35 51
52 53 54 26 7  16 20 55 18 25 21 27 17 34 42 3  38
35 50 5  56 10 57 18 23 34 8  19 5  31 6  56 26 7
5  13 15 1  20 58 27 32 28 42 11 36 2  3  6  39 40
44 37 22 26 14 59 2  41 1  27 14 24 21 6  35 10 26
46 55 43 6  7  47 55 19 41 44 40 29 18 38 4  26 23
56 31 34 27 30 2  5  45 20 22 18 24 41 43 10 40 16
34 24 8  31 18 17 6  54 52 28 23 44 21 35 56 13 1
49 51 58 34 57 36 7  20 40 5  32 18 42 29 21 35 11
26 34 38 27 34 47 3  6  7  53 26 19 22 10 26 60 61
62 48 5  27 33 45 16 46 25 20 15 28 14 9  21 2  24
31 57 41 62 19 17 21 59 46 6  31 40 32 26 1  27 43
14 6  35 18 36 44 29 63 1  35 7  52 26 62 23 2  45
8  49 27 6  22 1  11 24 13 38 20 4  25 48 56 26 21