1  2  3  4  5  6  7  8  9  10 11 12 5  13 14 15 10
1  16 17 18 19 20 21 22 23 24 25 26 27 11 28 29 30
8  5  3  31 32 33 11 34 15 13 10 4  35 36 11 13 37
8  38 1  39 18 40 10 41 5  15 42 1  43 25 44 45 6
23 10 22 33 46 2  42 2  47 18 9  11 16 5  48 32 49
8  15 27 48 25 8  24 13 29 50 10 42 2  51 32 6  7
44 11 52 22 30 16 53 13 22 3  8  37 46 10 8  54 55
27 56 10 4  20 50 11 25 4  22 23 31 17 8  26 37 32
39 1  57 21 25 56 28 33 58 30 31 42 24 18 7  10 13
59 44 6  2  16 45 48 42 11 29 30 35 36 2  22 2  16
33 13 31 46 1  17 50 8  10 37 50 10 17 47 11 27 32
19 18 21 5  28 22 25 60 45 61 32 8  58 61 30 15 42
31 17 1  2  38 10 41 51 4  18 49 45 27 11 30 55 55
43 16 5  15 52 42 53 62 56 25 35 33 1  63 1  48 57
26 8  10 18 21 7  13 3  32 27 11 24 44 46 36 22 58
10 43 2  51 25 33 5  39 5  11 27 8  13 10 28 32 61
23 31 30 21 31 40 55 39 52 43 16 14 25 52 29 15 58
11 34 52 22 39 54 45 8  53 1  42 25 48 7  45 33 63
28 38 18 33 32 4  3  10 16 42 5  39 2  13 20 61 27
11 30 21 41 1  18 26 4  39 21 5  22 23 15 16 44 57