1  2  3  4  5  6  7  8  9  10 11 12 13 14 3  15 16
17 18 19 20 7  21 19 22 6  13 23 20 24 18 25 1  26
19 25 14 27 28 29 30 31 32 1  33 34 35 11 36 37 38
39 40 16 41 42 8  19 43 44 24 27 9  21 5  16 45 2
25 7  46 47 10 26 30 48 26 49 21 26 21 31 3  20 13
14 50 42 2  22 36 51 23 13 27 14 17 37 18 8  24 16
24 27 23 6  7  1  20 30 16 9  11 27 17 19 48 52 16
51 12 24 21 33 8  38 45 42 22 43 34 30 37 33 25 1
53 2  38 24 40 16 20 6  11 42 30 24 16 19 31 48 48
2  30 31 52 5  7  46 20 23 36 30 54 42 13 29 6  44
8  52 22 46 25 55 2  1  7  56 20 26 24 16 49 57 50
33 42 30 11 14 4  36 24 53 2  12 13 30 58 46 23 59
19 16 24 7  21 34 8  30 14 20 3  49 12 4  45 26 5
24 25 32 8  46 1  30 60 11 19 3  42 13 21 25 14 17
35 49 2  24 30 24 51 52 45 61 28 47 1  12 6  45 30
26 37 56 41 27 11 21 7  19 25 20 48 36 26 42 21 54
2  53 40 62 28 38 22 7  1  31 53 29 26 20 8  9  5
11 42 3  19 42 2  17 22 37 24 7  43 33 6  20 15 30
54 39 7  40 6  38 21 1  40 16 63 58 20 26 63 11 49
21 19 45 5  31 58 53 59 13 25 27 14 56 9  48 3  63