1  2  3  4  5  6  7  8  9  2  10 11 12 13 14 15 8
16 17 18 19 20 21 22 23 10 24 14 25 19 1  26 27 28
29 15 30 12 31 32 33 22 2  34 24 21 14 35 22 36 2
37 4  8  18 26 18 23 38 6  39 1  7  40 13 9  41 42
43 15 19 44 24 31 22 35 45 20 1  34 46 17 2  14 5
47 29 4  48 25 31 49 36 50 21 18 51 3  16 40 13 20
4  28 28 7  3  13 34 52 25 6  47 29 12 25 16 21 3
52 48 53 9  20 39 16 36 54 19 53 38 23 4  37 26 13
55 20 31 34 35 39 24 29 40 47 15 21 22 4  13 19 41
45 56 42 57 2  10 24 1  3  13 31 43 46 35 2  58 16
20 7  9  15 1  4  34 14 2  33 13 19 59 20 24 60 37
48 16 7  39 29 39 18 9  61 4  14 53 2  13 26 62 21
7  42 23 20 29 4  12 31 35 13 43 20 9  59 8  15 32
19 22 10 21 4  27 12 36 34 62 17 6  34 44 47 37 24
54 31 7  2  14 13 38 9  34 19 17 20 15 8  30 7  28
29 24 23 60 18 2  21 19 40 56 54 26 9  15 4  24 14
10 31 27 29 1  4  37 26 13 20 4  4  7  43 5  3  44
16 21 51 62 17 37 2  49 29 53 28 23 56 16 46 32 5
13 2  38 1  19 24 26 42 7  34 40 9  31 25 43 20 15
55 38 57 35 31 46 31 2  2  22 50 21 38 8  60 59 34