1  2  3  4  2  5  6  7  8  9  10 11 4  12 13 14 15
16 17 18 17 19 20 14 21 22 16 23 24 17 25 26 14 1
16 9  27 28 29 30 31 3  32 33 34 23 35 36 5  2  37
8  12 38 39 17 40 41 11 42 43 31 13 1  9  22 14 26
44 45 46 26 5  47 4  48 49 7  50 26 27 34 51 5  52
11 3  30 41 16 53 17 21 28 23 51 14 26 17 13 21 54
15 34 45 35 5  31 30 23 2  46 11 55 48 4  26 27 14
31 56 16 34 9  6  29 5  12 26 15 20 23 7  30 57 25
2  1  17 4  58 14 46 24 43 25 40 27 36 3  31 28 37
29 51 16 34 20 7  33 41 58 2  5  18 59 23 39 42 17
33 26 50 31 1  5  54 26 43 5  48 14 23 26 4  24 47
3  27 59 28 35 56 52 28 2  19 53 5  12 10 55 49 41
15 29 16 58 4  2  45 22 26 17 11 1  3  32 30 13 60
48 5  56 12 4  61 26 25 1  14 57 38 3  12 33 16 17
46 24 34 35 62 9  21 14 11 42 8  27 63 7  29 39 28
19 18 15 13 59 32 16 17 24 14 23 16 40 27 5  33 28
1  63 34 6  26 17 32 31 63 3  12 1  60 41 45 29 3
63 14 2  9  23 46 49 43 35 4  39 31 11 7  4  30 37
5  16 23 24 27 20 36 17 62 14 63 34 40 62 16 26 60
28 17 5  10 35 59 2  23 12 48 1  4  31 23 19 3  22