1  2  3  4  5  6  7  8  9  10 11 12 13 14 15 8  16
17 9  18 19 20 21 10 22 23 24 25 26 27 28 1  29 30
31 32 3  33 34 18 35 36 37 13 38 20 14 39 40 6  41
42 8  43 27 9  34 44 13 9  10 45 36 3  12 13 15 46
20 35 47 24 48 7  16 29 49 10 11 8  50 23 29 34 51
43 23 52 44 9  53 52 27 30 13 39 54 8  32 28 31 11
43 7  55 27 11 44 7  19 1  5  42 13 56 3  57 22 31
27 8  58 59 52 55 33 49 15 32 60 56 61 33 1  9  13
4  26 51 50 8  18 6  3  35 9  7  20 10 24 8  53 29
60 19 22 12 55 36 46 27 9  29 41 43 16 11 56 7  1
7  30 7  57 18 3  27 55 42 32 49 24 57 17 18 2  19
31 1  62 20 30 32 33 10 55 25 49 3  18 13 44 8  20
9  15 34 50 27 28 6  13 10 1  3  27 36 48 35 54 11
62 43 1  47 8  53 25 22 18 10 18 12 5  9  16 44 50
51 3  10 52 46 13 60 7  34 27 18 56 20 30 21 15 35
28 63 1  8  6  36 11 62 7  9  13 10 3  44 61 27 15
45 8  9  39 19 47 42 35 53 58 49 1  52 43 12 4  3
13 38 25 11 14 16 8  44 9  32 33 61 7  1  13 21 8
17 3  51 22 15 45 19 27 57 9  28 52 18 4  58 13 1
35 6  36 3  8  50 40 20 24 55 52 24 1  3  43 62 46