1  2  3  4  5  6  7  8  9  10 11 12 8  13 9  7  14
15 6  16 17 18 19 2  20 21 22 23 24 25 26 4  18 27
28 29 30 31 32 33 33 34 35 36 31 27 14 2  37 1  16
38 8  39 2  22 24 40 9  2  23 10 10 8  36 41 5  42
25 37 17 31 43 11 36 44 43 19 37 32 45 46 13 5  35
47 6  40 35 48 33 45 49 16 2  35 10 17 43 15 43 8
42 2  50 35 36 45 26 31 11 6  4  40 18 50 39 51 2
52 10 32 22 29 30 51 16 3  33 28 8  9  42 14 2  12
42 35 50 39 45 53 54 48 40 22 13 38 55 30 23 33 56
31 2  5  10 16 25 29 57 2  16 58 5  7  34 47 15 55
16 2  10 6  28 34 4  59 17 9  14 2  2  19 6  20 2
55 12 15 35 38 45 32 18 2  17 43 5  41 31 30 23 40
31 22 29 51 25 6  30 50 44 58 19 47 42 13 2  10 28
54 35 10 4  37 48 52 38 56 11 18 2  43 45 17 14 31
23 12 26 16 5  33 48 9  32 58 39 2  13 19 7  47 43
34 60 35 38 45 39 9  25 36 54 19 17 18 47 40 28 5
22 7  49 30 19 5  47 53 56 6  43 10 49 13 15 27 8
31 35 27 18 40 21 38 23 31 48 33 1  2  39 28 27 12
7  2  40 5  25 43 4  29 22 18 2  16 10 15 42 2  24
50 2  20 1  11 16 45 10 13 2  17 21 9  19 35 10 31