1  2  3  4  5  4  6  7  8  9  10 11 12 13 14 7  4
15 16 17 18 19 13 6  10 4  20 6  21 22 13 2  23 24
25 26 4  2  2  27 20 17 28 29 30 31 16 2  32 33 27
5  27 2  24 4  6  13 22 9  34 8  27 32 5  7  35 29
6  2  26 27 32 20 9  24 29 6  36 9  18 21 4  16 29
15 20 26 19 28 37 24 38 18 27 14 10 19 33 8  7  23
4  6  20 21 29 39 10 34 16 6  23 29 6  37 8  14 4
32 5  24 20 28 26 16 21 7  15 10 27 2  7  29 24 4
8  2  10 5  9  20 32 27 32 16 38 27 32 34 16 14 37
33 27 40 26 4  32 6  27 29 1  4  33 13 5  21 16 9
5  34 6  9  41 20 14 24 29 33 6  32 3  5  9  18 2
29 32 26 5  16 4  26 6  8  20 1  16 32 30 24 40 9
2  29 21 41 34 19 6  39 4  29 14 20 34 7  6  2  26
13 33 6  14 2  32 22 6  29 1  6  24 23 4  15 4  29
33 9  24 3  4  6  9  2  10 20 28 24 40 38 32 8  11
42 29 22 14 21 8  4  7  33 19 10 7  22 1  28 21 35
19 30 16 37 6  14 10 12 23 8  23 42 20 21 15 32 24
36 20 20 24 17 23 4  34 15 4  32 29 7  26 8  17 10
36 7  18 10 23 11 6  7  16 39 31 35 22 26 24 20 29
19 2  6  29 16 7  5  25 19 29 41 30 20 1  27 17 42