37 33 12 23 15 34 10 10 33 19 11 24 8  43 1  42 18
13 18 38 27 9  11 4  39 2  14 20 5  41 36 12 20 3
23 36 7  42 30 26 2  2  11 31 35 17 11 37 7  16 32
10 35 26 18 28 33 40 19 47 3  25 41 29 42 38 1  6
39 15 37 11 9  30 27 10 26 11 36 20 34 9  31 38 39
35 11 24 32 27 2  48 9  37 31 2  7  17 11 10 38 47
13 8  18 39 36 4  35 40 39 23 11 31 14 29 41 24 35
21 19 1  9  16 32 7  35 20 42 38 17 30 18 25 36 22
39 3  31 23 15 16 11 32 7  31 3  42 8  27 21 6  5
28 35 12 28 46 7  2  27 48 47 28 39 8  29 11 48 27
41 31 2  32 42 11 39 30 31 13 38 20 5  19 14 24 28
17 10 32 15 36 40 45 11 38 47 23 21 20 9  34 1  36
38 1  48 14 30 2  45 18 47 10 6  11 21 24 7  34 3
19 23 29 41 31 9  3  28 5  10 16 13 42 24 34 29 11
14 38 9  3  36 32 44 29 30 10 40 9  36 35 17 46 27
12 3  1  12 18 37 28 2  43 38 35 31 41 9  20 15 23
36 32 4  6  6  10 29 44 39 34 27 5  30 11 26 48 9
37 7  5  35 8  21 11 6  45 7  31 19 11 37 28 9  42
22 19 32 24 27 18 40 5  10 30 4  11 20 41 14 8  27
47 39 10 35 34 7  35 12 37 30 3  1  10 11 11 10 13