1  2  3  4  5  6  3  7  8  9  10 11 12 13 14 15 16
17 18 19 20 21 12 9  22 23 24 25 11 10 26 27 28 29
30 31 32 33 34 35 16 36 30 37 7  29 17 7  14 1  37
38 39 40 41 13 21 7  7  42 10 21 10 43 44 7  21 35
24 45 19 46 17 47 8  41 36 48 38 7  49 42 44 22 50
2  42 7  12 11 21 3  14 18 7  51 26 39 4  9  52 14
17 47 35 34 53 2  41 26 36 45 13 11 7  2  46 53 16
30 42 22 7  13 43 8  24 3  18 28 2  53 30 6  10 47
41 37 43 5  54 3  34 45 55 7  45 5  7  3  21 27 41
5  50 13 18 14 12 31 11 9  30 44 38 34 8  35 34 18
7  32 36 50 7  45 30 17 32 23 27 27 18 10 20 33 6
42 12 16 26 7  5  2  17 34 54 15 40 14 37 11 7  16
45 36 5  32 28 10 56 9  37 3  12 38 45 51 39 7  7
8  13 14 56 37 51 56 18 50 5  30 43 35 53 26 36 50
32 31 2  42 7  11 47 51 17 9  4  41 40 45 15 7  16
14 40 24 5  47 3  36 37 22 47 13 43 14 30 2  9  11
27 16 35 8  7  42 56 27 9  5  23 26 48 30 40 29 24
6  44 29 47 15 43 16 53 7  17 32 1  48 34 14 29 8
7  51 20 25 47 47 10 37 13 7  22 38 19 5  41 56 35
4  53 22 1  36 51 44 56 45 18 10 50 27 7  16 10 15