1  2  3  4  5  6  7  8  9  7  10 11 12 13 5  1  11
7  8  12 1  7  14 6  11 13 7  3  6  4  9  5  8  15
10 6  2  12 16 17 7  5  10 15 11 7  4  12 6  4  5
17 15 18 10 16 1  1  3  11 9  9  14 10 1  3  3  7
6  12 12 8  18 18 1  18 19 15 12 1  3  11 7  7  10
3  10 6  20 20 6  1  20 3  14 3  11 3  11 1  1  7
3  11 1  6  4  9  3  1  10 20 8  11 14 8  8  1  5
1  14 1  6  11 18 4  6  6  11 13 13 3  7  20 12 14
5  6  20 7  5  8  12 14 12 14 19 6  3  5  6  16 14
4  10 6  2  11 8  20 12 5  14 5  6  2  1  5  14 10
10 6  6  8  15 7  1  18 6  20 15 8  4  14 14 1  3
10 1  2  11 1  11 19 14 12 14 5  4  10 16 3  14 8
14 13 1  18 2  11 20 6  4  8  6  15 7  8  5  16 14
16 3  12 4  1  5  1  16 11 20 7  1  6  14 3  6  5
10 14 9  10 6  6  5  18 21 6  6  14 8  11 5  1  8
5  6  2  4  3  6  1  8  4  3  10 1  7  12 7  6  5
20 10 5  11 6  14 1  1  4  7  15 14 3  11 1  1  6
14 15 2  6  9  14 2  2  20 16 14 1  21 11 11 5  3
14 4  18 3  12 2  3  6  5  22 17 15 23 6  5  22 3
6  1  8  7  4  14 14 24 13 1  4  4  14 1  5  8  8