1  2  3  4  5  6  7  8  9  10 11 12 3  13 13 14 15
16 17 18 19 20 21 22 23 24 25 26 27 28 29 30 7  12
16 13 29 1  31 32 22 33 24 10 26 28 8  34 35 9  21
16 36 37 18 25 12 6  38 39 20 34 1  23 30 9  26 40
40 14 41 42 15 28 5  16 43 21 44 19 45 46 2  6  7
26 8  47 15 21 44 10 47 12 48 31 13 33 18 34 25 5
35 21 23 39 2  48 10 8  7  41 13 49 2  42 37 48 36
34 14 11 21 30 38 42 12 19 2  26 45 28 50 1  33 1
16 42 27 11 25 36 29 39 46 6  36 33 48 8  8  26 22
23 1  51 30 29 3  34 42 40 36 10 21 8  52 9  2  16
5  14 5  15 44 28 25 46 51 53 54 19 19 5  37 24 3
17 7  40 30 39 55 49 42 31 13 29 25 56 8  34 35 20
55 11 22 24 32 23 10 21 41 9  2  9  53 25 33 14 39
1  19 37 3  38 45 27 30 31 12 20 22 17 51 49 10 34
53 53 29 27 21 2  39 16 35 31 45 1  10 3  10 10 6
24 14 15 57 23 52 12 8  18 36 7  28 57 19 11 21 42
46 21 4  38 13 27 53 6  27 2  25 22 15 48 8  1  36
14 31 9  57 16 11 25 38 39 33 4  20 23 19 26 38 20
2  8  18 21 58 50 24 28 21 1  7  22 35 23 41 27 21
9  13 35 1  25 57 27 3  34 33 15 42 32 39 27 38 41