1  2  3  4  5  6  7  8  9  1  6  10 8  3  11 1  6
2  1  12 13 12 9  2  6  6  8  2  13 6  9  14 7  15
6  1  4  8  2  7  4  1  10 4  2  1  2  8  7  6  13
2  6  10 16 1  8  2  11 10 17 11 2  2  6  16 11 1
9  10 18 11 19 13 7  1  1  13 9  6  4  10 7  7  7
10 11 11 12 8  16 11 15 10 20 2  17 10 1  10 3  17
4  11 3  18 4  8  19 2  13 21 4  12 10 13 1  22 4
1  9  23 11 13 7  13 7  2  18 6  2  8  17 11 1  1
10 5  4  7  6  17 13 21 2  18 6  22 4  23 16 6  2
2  10 21 6  8  2  16 4  13 7  4  11 7  2  1  9  16
11 13 6  4  12 6  22 13 8  3  2  21 6  2  8  7  1
15 4  1  7  4  11 1  4  18 1  5  6  4  15 19 2  2
13 2  21 21 23 16 2  10 6  11 1  11 6  7  13 7  18
9  2  3  3  2  6  1  4  1  15 4  2  6  17 16 13 6
21 2  2  6  10 2  5  2  8  2  3  15 8  7  17 6  11
7  21 16 9  2  8  1  18 8  6  6  10 11 5  22 7  6
7  10 10 4  6  17 4  11 6  9  8  6  8  6  3  6  7
11 10 17 6  10 11 3  1  6  24 7  3  5  23 3  6  13
14 21 11 12 7  1  11 7  18 17 2  20 12 13 2  1  1
10 1  4  12 11 1  15 7  8  1  13 10 2  8  13 2  6