1  2  3  4  5  6  3  7  8  9  1  10 11 1  10 12 10
3  9  1  13 14 3  15 9  1  1  16 17 12 17 13 10 18
9  6  6  4  9  15 19 1  1  12 12 20 12 10 18 5  3
13 10 2  9  6  12 19 10 5  9  1  5  9  5  6  6  15
19 13 1  18 1  6  5  1  18 3  18 6  12 2  1  1  17
3  10 21 5  4  16 8  8  18 3  18 5  9  5  20 5  8
21 8  13 18 3  2  17 1  1  6  20 3  17 7  7  1  5
3  17 10 18 3  13 4  3  17 3  9  7  3  5  10 1  10
9  20 7  7  13 13 7  3  10 8  18 5  3  21 10 3  4
5  7  20 11 3  3  1  19 4  1  19 1  21 7  3  4  17
20 5  2  10 10 6  7  3  12 3  17 5  14 8  17 2  10
18 3  5  5  9  19 10 9  21 16 13 5  21 6  6  8  10
4  6  20 13 22 4  13 9  13 20 9  3  3  18 3  9  3
3  2  3  6  21 9  5  1  1  10 5  6  9  6  14 3  6
14 18 3  10 10 3  2  2  10 9  18 13 6  15 6  8  8
13 10 13 10 21 7  3  18 16 5  5  6  5  3  3  3  16
3  6  10 18 18 5  20 7  18 1  3  8  10 6  5  10 3
18 8  17 10 10 8  17 10 4  15 3  8  9  3  10 20 13
3  17 13 1  13 2  5  18 7  4  10 10 9  5  21 6  5
12 3  10 17 19 7  1  8  17 9  4  5  3  5  9  10 10