1  2  3  4  2  5  3  6  7  8  4  4  9  7  10 5  1
11 12 1  7  13 1  14 5  15 1  1  4  2  9  16 3  16
17 18 7  5  1  10 4  19 18 18 18 17 2  20 14 10 3
1  15 12 1  11 5  18 14 4  14 10 10 15 10 10 10 9
18 17 18 7  9  5  19 21 15 10 12 1  18 17 19 1  17
16 17 4  2  1  5  14 5  15 17 5  14 17 9  1  2  1
19 12 1  4  1  10 7  19 12 4  18 14 14 15 8  1  18
12 7  2  1  10 12 18 12 1  4  17 17 10 1  8  2  10
20 15 12 20 4  1  14 9  14 1  16 18 12 14 12 5  19
22 8  16 5  14 3  5  12 14 4  4  7  2  18 15 6  2
23 6  6  13 15 14 8  9  1  16 15 9  17 9  5  21 7
4  4  18 17 8  6  2  12 12 1  14 20 1  3  10 5  18
12 5  6  1  1  14 1  8  17 12 14 17 17 18 8  18 1
17 18 10 10 15 1  12 12 8  18 1  14 1  18 14 9  2
9  10 4  1  9  17 17 1  2  3  3  12 10 2  2  14 2
2  16 20 3  16 1  20 20 1  1  12 21 5  5  5  17 10
8  20 10 8  12 9  1  4  18 14 10 19 12 9  14 10 7
18 1  17 5  9  17 5  1  8  4  5  9  5  17 1  9  18
5  17 7  10 3  1  22 4  1  22 3  8  8  1  10 4  1
8  20 15 18 15 5  17 5  7  1  10 5  1  17 9  5  12