1  2  3  4  5  4  4  5  1  5  6  7  8  1  4  9  1
10 11 1  8  12 6  12 7  9  13 13 14 4  7  15 8  7
15 16 17 6  15 1  18 14 4  19 12 5  1  16 6  6  4
17 11 3  1  19 8  8  3  5  13 4  12 13 5  17 7  19
5  20 6  17 8  5  5  4  15 7  4  1  1  19 9  18 4
4  15 5  13 8  5  14 13 12 13 1  6  1  17 1  20 12
4  6  17 1  6  5  15 3  13 8  3  13 20 19 12 15 12
1  1  6  4  15 8  15 7  1  3  20 3  12 1  19 4  1
4  4  17 4  12 11 1  7  17 10 5  8  17 2  3  1  20
12 13 9  12 15 13 3  9  1  3  5  1  18 13 1  3  17
15 8  17 1  4  4  6  4  17 1  6  6  6  8  1  7  1
17 11 4  15 13 7  21 12 4  5  8  19 18 12 14 8  13
12 19 10 12 16 8  19 19 17 7  17 4  14 15 17 13 1
4  3  6  1  4  19 13 4  7  4  1  15 20 15 16 6  18
11 1  4  12 11 6  5  12 6  8  5  12 1  1  13 17 6
5  12 15 13 7  3  1  3  4  13 13 13 4  1  7  20 20
12 12 6  3  13 8  18 1  3  15 1  19 13 19 5  13 11
7  1  1  3  6  3  4  14 8  4  1  14 20 1  12 12 6
11 13 19 6  1  6  10 5  15 13 8  21 3  12 15 12 13
8  12 6  4  1  7  1  6  5  12 15 4  1  10 20 6  16