51 27 48 43 24 13 1  49 61 2  54 26 14 30 34 2  14
10 44 4  21 40 57 40 50 53 11 5  64 55 15 62 1  39
52 26 56 24 6  28 29 42 12 54 27 10 58 55 25 2  17
40 4  13 18 50 14 22 41 23 21 55 26 15 16 63 35 28
56 36 55 29 10 12 45 37 34 43 24 17 25 15 59 14 3
51 52 56 15 10 42 1  44 45 54 26 43 39 2  11 12 27
51 51 24 28 13 49 55 44 40 10 49 62 17 45 3  41 1
42 60 13 14 35 22 25 52 26 56 24 53 2  25 15 55 26
11 25 12 36 49 55 51 52 1  40 50 3  16 17 62 56 41
25 13 50 14 54 43 44 45 23 54 15 10 43 42 32 40 21
26 15 17 48 53 15 49 29 33 14 44 43 50 41 42 16 19
48 27 40 11 28 16 2  34 17 16 12 10 3  41 24 56 25
8  43 44 37 14 49 59 16 8  26 9  54 56 45 5  45 16
20 17 51 57 34 56 24 44 44 50 25 13 11 50 29 18 44
58 54 44 36 1  42 12 7  14 10 38 19 2  10 55 26 9
34 49 22 52 46 35 45 12 43 36 27 3  50 43 48 43 47
15 35 1  39 16 55 2  48 63 16 41 54 37 6  32 3  1
34 13 40 14 10 46 47 24 27 33 36 11 25 25 15 45 42
34 35 36 55 16 12 23 15 29 14 53 56 27 40 29 37 44
54 4  45 14 65 24 2  55 26 3  20 50 8  26 48 21 5