1  2  3  1  4  5  4  6  5  7  8  9  10 11 12 7  7
9  10 13 10 5  6  3  14 15 4  3  2  1  5  3  13 5
6  16 10 2  9  5  17 12 1  2  5  13 3  18 6  5  16
16 5  13 1  19 11 12 12 3  6  6  1  1  6  12 11 6
4  14 19 13 6  20 19 5  17 6  19 3  13 5  10 5  13
10 21 1  3  2  3  1  18 2  18 5  13 22 9  2  13 2
12 2  19 2  13 11 13 6  3  5  5  6  6  6  1  6  3
1  12 2  12 19 8  18 13 19 14 21 16 19 9  13 5  17
3  3  6  2  11 3  5  3  1  10 3  11 2  5  1  10 3
6  3  6  4  1  6  12 6  6  6  18 6  23 1  11 11 5
13 6  19 3  8  19 6  12 2  13 5  14 13 12 1  6  21
3  1  10 7  7  7  19 18 1  19 6  4  3  10 3  14 19
5  1  5  5  2  13 1  19 4  4  13 3  10 3  5  7  2
18 1  19 9  3  3  16 18 13 14 2  6  1  5  16 21 2
6  13 13 16 12 10 3  6  19 3  10 7  21 17 12 2  5
16 1  4  9  2  2  3  3  5  10 3  7  12 3  1  5  1
8  1  5  16 12 2  13 15 1  7  7  2  9  2  19 6  6
6  12 2  11 5  4  1  5  1  12 24 3  10 21 5  13 4
3  17 12 2  5  11 11 15 12 13 3  10 1  3  21 2  1
6  13 18 3  19 6  11 13 10 24 13 10 19 6  13 1  11