1  2  3  4  5  6  7  8  9  10 11 12 13 14 15 5  16
17 18 19 20 21 10 14 22 3  17 23 24 25 26 27 28 29
30 31 30 32 17 33 22 8  15 18 34 35 24 36 37 38 3
39 13 23 40 2  32 25 6  41 3  42 5  37 10 40 37 37
14 5  10 16 14 28 11 20 6  16 6  7  43 44 19 41 30
31 12 45 7  4  46 13 34 35 19 26 23 15 7  27 37 7
20 6  15 25 47 48 13 26 37 18 42 49 32 22 5  3  43
23 17 20 16 19 3  28 50 31 10 10 5  7  5  14 3  12
6  19 1  5  8  4  3  21 25 29 13 10 18 14 5  35 24
2  23 9  51 22 10 14 43 48 31 12 5  39 5  36 14 30
10 40 7  10 25 16 49 19 45 1  13 14 5  19 11 26 30
28 29 22 10 14 21 25 6  7  25 4  18 4  52 49 37 35
30 27 5  12 22 49 13 1  10 45 19 2  23 21 14 20 41
29 51 17 46 5  18 18 12 31 38 47 10 23 8  48 43 10
12 13 13 12 25 5  33 42 49 26 10 13 37 49 20 25 24
14 25 14 10 14 44 17 14 26 30 10 18 1  12 7  15 14
43 8  30 19 31 12 35 5  10 16 22 14 13 53 5  1  2
29 49 40 4  20 37 26 7  8  23 51 5  17 14 43 5  18
10 19 42 52 19 48 25 51 5  45 11 28 33 13 7  41 49
2  19 6  16 13 9  31 16 7  29 25 11 6  13 23 5  38