1  2  3  4  5  6  7  8  9  4  10 11 12 13 14 15 16
17 18 19 20 21 1  22 23 24 25 26 27 28 29 3  12 30
1  31 32 7  33 34 16 4  22 35 36 35 37 21 3  38 39
40 16 16 2  9  41 22 10 42 18 43 27 23 4  14 44 15
26 11 12 25 8  45 7  1  32 34 6  33 2  28 37 39 3
14 46 40 27 15 44 29 12 46 1  5  33 10 35 23 4  25
36 7  41 5  8  47 35 19 4  48 31 21 40 27 20 15 5
15 3  11 21 12 46 31 29 18 31 18 39 41 32 45 28 2
18 49 14 1  17 8  32 6  21 19 26 9  35 1  48 7  20
33 10 40 12 28 1  14 45 14 3  12 29 4  34 31 1  3
12 15 32 9  25 6  8  24 11 8  50 35 27 37 19 21 7
29 10 1  31 45 13 22 9  33 17 35 15 34 51 48 6  25
52 23 2  11 40 26 39 16 44 22 20 19 4  30 5  1  25
15 46 43 12 1  25 14 26 23 16 26 3  32 38 45 12 36
8  10 3  6  30 3  11 15 38 18 2  42 19 27 46 45 28
15 35 46 25 52 49 6  29 19 12 1  3  1  45 36 22 33
21 6  51 4  5  14 1  26 31 16 30 26 48 50 32 16 5
4  40 33 7  24 9  38 3  29 22 48 18 24 12 23 5  14
32 15 35 1  38 47 16 4  29 22 5  35 26 3  4  9  12
29 5  41 30 1  49 33 32 19 31 35 25 9  19 21 10 2