1  2  3  4  5  6  7  8  9  10 11 12 13 3  14 10 15
16 17 4  18 14 19 11 20 21 22 23 12 24 25 1  3  26
27 28 29 13 6  12 30 31 32 33 34 35 8  33 23 5  11
2  33 36 37 1  34 38 16 39 40 9  41 39 42 33 43 44
6  45 26 46 5  47 41 14 12 25 26 37 48 21 49 14 50
8  1  2  38 51 3  52 7  27 28 31 53 8  54 50 18 55
34 56 10 38 34 2  6  11 42 12 21 25 44 37 1  13 57
45 51 3  13 44 58 6  10 59 15 53 39 47 43 60 38 17
14 36 33 43 26 4  17 50 6  23 54 27 61 45 46 28 37
19 28 34 13 7  36 8  9  2  20 4  37 49 6  43 41 51
21 7  50 45 14 16 57 34 38 7  47 22 12 37 39 8  52
35 2  26 54 7  51 14 3  28 34 44 4  23 56 62 6  22
2  53 46 42 6  48 19 39 12 58 25 58 8  3  20 10 30
13 42 16 29 51 27 49 14 34 17 36 49 14 51 13 13 12
56 1  62 47 63 19 31 6  21 45 14 50 47 35 43 35 26
29 34 61 52 56 35 27 31 8  20 7  13 62 2  50 36 22
56 53 50 32 64 51 27 33 41 33 35 14 9  54 34 40 38
60 31 20 47 12 43 10 63 4  50 28 25 26 44 34 4  27
42 15 14 64 40 5  14 64 33 49 33 5  51 28 40 36 58
57 45 46 59 5  13 18 42 37 34 14 29 40 28 58 30 34