1  2  3  4  5  4  6  3  7  8  6  9  3  10 11 4  1
12 3  3  6  13 11 14 12 14 15 2  8  6  3  3  1  7
2  15 13 3  16 4  11 9  3  16 16 2  2  4  9  11 6
3  15 17 9  3  8  12 18 11 3  11 8  7  6  16 17 2
12 1  6  13 3  2  7  5  19 1  1  16 1  1  3  8  3
7  1  2  3  6  6  16 1  4  12 2  4  1  11 4  7  4
3  8  2  20 16 1  8  1  3  4  1  3  17 13 6  3  11
2  3  21 12 13 4  4  9  8  2  13 12 14 11 14 16 13
1  8  17 3  6  3  7  8  3  4  11 4  2  11 9  4  11
3  12 14 7  7  13 13 9  3  8  3  1  3  8  4  10 4
11 6  11 10 3  1  8  17 17 3  22 1  2  8  9  3  7
3  9  22 3  9  8  20 9  9  9  4  16 1  15 11 22 17
3  4  17 11 3  16 8  12 1  23 3  16 8  3  4  3  15
5  16 16 3  16 8  9  3  10 1  11 17 8  21 4  3  4
8  17 17 2  16 15 8  4  13 6  1  2  8  2  8  5  20
12 17 1  14 16 3  9  14 1  3  5  8  17 5  18 6  1
4  1  11 2  1  20 4  1  9  1  20 2  4  6  4  3  9
9  3  1  1  3  1  16 9  3  6  8  17 8  3  22 6  12
13 1  11 9  6  6  3  22 13 17 3  10 8  16 7  6  2
12 3  3  19 11 11 13 6  8  16 4  8  17 20 3  3  16