1  2  3  4  5  6  7  8  9  10 11 12 13 14 15 16 11
17 18 19 20 21 22 1  23 24 25 26 8  3  27 28 29 21
30 31 32 15 33 34 35 13 26 36 37 38 5  39 9  36 40
23 6  19 41 42 43 44 45 46 8  47 10 15 48 2  33 36
31 44 49 4  41 42 43 22 38 24 50 4  2  51 47 27 3
34 52 47 5  38 46 9  53 28 35 8  37 8  54 48 7  47
18 27 39 6  15 55 31 10 7  33 52 32 35 41 34 13 37
19 56 27 25 8  22 8  23 39 10 7  30 14 15 57 4  50
3  34 54 54 52 13 5  29 8  58 52 20 59 28 36 7  24
51 16 38 33 21 12 7  1  15 26 10 6  39 27 9  60 23
19 40 34 25 55 26 3  26 5  22 56 58 5  23 14 30 59
43 20 61 57 48 3  28 13 17 48 32 6  24 11 22 34 5
15 62 16 45 48 44 55 2  44 43 33 14 9  26 23 50 22
42 15 6  4  34 46 47 15 3  6  37 49 13 7  48 31 53
5  51 1  54 10 57 7  58 61 38 35 52 8  40 19 4  9
61 42 43 47 22 17 59 61 58 11 24 46 48 21 4  62 33
28 32 34 31 35 37 13 11 4  25 18 6  36 47 23 19 27
43 50 53 23 8  38 46 33 55 51 34 22 13 59 5  2  48
15 37 28 54 26 12 21 31 21 41 6  4  14 9  19 8  21
44 37 39 30 20 43 33 26 37 1  34 22 54 46 13 16 2