1  2  3  4  5  6  7  8  9  10 9  11 12 13 9  14 15
16 17 18 19 20 21 22 23 24 25 26 6  27 28 29 30 31
32 33 34 35 36 16 37 38 39 11 40 41 42 43 23 13 44
2  31 4  12 45 46 47 6  38 25 48 17 43 28 49 14 32
1  24 50 37 39 30 51 7  9  18 5  21 52 13 4  36 11
2  17 28 37 39 15 53 18 10 33 31 13 54 7  27 53 12
48 55 56 57 38 42 27 29 44 2  10 5  27 20 33 17 25
50 28 19 39 46 18 9  22 1  31 34 26 51 11 12 35 15
5  49 55 18 29 20 21 31 25 6  31 45 12 56 1  2  5
19 20 13 58 39 9  59 26 54 21 35 39 39 16 33 13 4
37 31 41 12 50 60 23 1  11 20 54 29 25 30 51 26 8
5  35 44 41 13 29 46 24 33 36 31 35 55 25 9  36 61
2  20 47 23 44 34 54 50 17 22 11 39 12 42 51 57 13
21 52 56 39 2  34 45 17 53 14 30 27 49 2  44 23 39
60 38 7  48 58 15 1  30 26 40 35 53 28 5  4  24 9
47 33 62 36 17 46 19 22 31 54 28 34 52 29 39 33 9
5  50 51 10 9  42 16 33 61 9  20 6  27 2  21 54 22
45 44 54 17 35 31 41 43 59 12 63 7  57 37 60 64 14
48 11 50 35 15 6  28 23 19 39 51 2  6  51 17 44 28
13 50 39 18 5  7  2  49 17 34 33 4  16 45 45 7  24