14 56 52 8 58 41 55 11 42 14 54 55 15 52 48 25 58
44 59 18 14 53 16 49 17 19 37 38 9 14 37 30 15 60
14 26 22 56 20 40 22 45 27 16 54 41 3 50 10 42 7
7 43 17 57 37 38 28 44 2 39 54 8 14 29 58 61 51
26 62 14 12 46 26 27 15 59 13 11 28 16 40 24 14 9
41 60 56 52 25 17 42 43 57 31 29 14 37 12 48 26 58
3 2 53 44 1 65 59 14 23 24 47 27 10 54 28 38 65
49 55 13 21 61 52 57 57 15 14 16 58 17 18 29 14 15
26 50 16 62 39 19 41 17 18 27 28 59 32 53 51 14 21
25 26 18 2 21 42 15 43 48 14 50 34 33 56 45 16 65
23 20 57 17 16 11 21 36 60 34 54 17 12 29 26 40 34
37 58 14 61 50 24 25 38 27 28 26 35 39 31 40 32 6
14 44 51 26 56 55 17 23 58 58 14 13 37 41 42 5 4
14 4 36 8 1 26 38 52 53 11 58 34 9 41 2 10 26
3 15 23 50 39 15 17 41 14 4 17 28 49 41 15 25 40
16 54 33 35 14 62 22 63 18 49 37 51 8 55 42 51 54
64 62 48 61 26 26 44 44 14 29 1 62 26 48 40 39 19
20 40 52 17 26 31 2 57 60 57 18 54 23 41 36 3 14
42 59 55 29 61 49 60 8 50 63 18 58 43 52 15 53 4
64 48 10 17 59 1 20 2 13 44 37 3 14 9 14 4 64