1  2  3  4  5  6  7  8  9  10 7  11 12 8  13 14 15
16 17 18 7  19 20 21 22 23 24 25 26 27 8  7  28 11
17 29 30 31 32 22 33 1  34 35 36 37 38 39 17 17 40
39 24 41 16 2  42 26 2  18 43 4  44 9  45 46 12 17
13 22 15 27 19 47 31 7  48 23 26 35 40 21 14 3  7
49 50 51 32 45 30 36 27 14 29 17 20 49 26 25 36 52
27 17 49 24 28 15 17 33 42 13 14 32 2  39 52 8  11
35 37 12 18 25 20 13 28 16 40 17 48 3  20 36 7  27
12 33 47 36 42 17 24 5  21 4  53 19 14 16 9  17 54
37 15 17 55 28 37 56 35 13 46 33 28 10 7  1  40 19
38 50 41 35 32 31 34 54 44 26 18 49 12 12 52 23 39
22 36 7  51 44 2  20 5  8  28 17 21 13 39 17 32 47
17 1  18 20 28 2  27 42 11 30 10 17 37 16 18 57 5
21 18 39 30 37 43 21 7  13 2  17 17 1  4  25 52 15
3  14 56 20 55 23 11 13 26 46 36 2  41 31 30 38 40
57 5  49 30 40 17 54 31 16 48 46 9  17 16 22 43 7
35 17 10 55 21 17 52 24 47 2  34 4  11 18 25 58 42
3  25 48 54 56 24 20 45 26 17 39 30 22 15 37 12 52
17 18 33 5  31 11 17 38 13 40 27 57 59 14 45 26 6
6  9  28 50 10 47 25 17 39 34 24 23 53 36 39 20 4