1  2  3  4  5  6  7  8  7  9  2  10 11 12 5  13 1
14 2  15 12 7  16 17 18 19 20 4  12 2  12 5  21 6
2  22 23 11 15 9  15 1  13 12 24 8  25 26 27 7  28
10 21 29 30 5  23 20 5  16 1  5  8  31 5  2  14 10
32 29 4  33 11 14 7  5  23 3  20 34 21 11 30 2  2
17 13 17 7  35 11 23 17 22 17 1  29 36 12 20 16 37
38 5  21 6  7  3  11 13 17 12 39 13 40 35 16 16 7
29 11 29 36 23 15 4  31 14 8  13 7  26 13 9  4  2
17 14 6  20 13 11 17 18 36 41 32 42 15 28 22 29 10
30 1  30 5  26 27 16 30 3  37 13 21 2  4  30 12 17
10 10 5  5  7  23 39 10 41 1  39 13 11 7  41 7  40
29 2  15 3  10 20 21 36 14 43 5  2  29 5  36 42 5
12 34 19 2  12 17 26 42 30 27 24 18 6  10 9  15 19
20 16 7  13 17 21 23 5  30 13 2  6  10 30 11 44 39
4  30 22 3  5  14 7  16 24 9  36 11 27 13 44 7  21
23 3  4  19 13 6  38 19 8  14 17 23 13 21 6  12 33
3  4  4  17 1  28 35 4  11 43 41 14 4  14 2  7  4
26 37 10 11 23 21 39 15 5  22 29 13 40 2  17 12 11
11 41 20 42 13 17 26 7  29 35 1  3  27 14 20 11 13
21 21 3  14 16 12 3  19 29 8  30 36 31 10 7  23 5