1  2  3  4  5  6  7  8  9  10 11 12 12 13 14 15 16
7  17 18 19 20 1  20 18 14 21 22 23 24 25 2  26 27
28 29 30 10 20 3  31 32 33 13 7  28 34 35 36 1  37
38 18 35 10 39 40 18 30 8  31 41 12 38 42 1  16 43
21 14 44 14 19 43 45 10 2  46 13 47 5  15 14 1  3
22 20 42 48 20 23 6  7  21 49 41 16 18 33 50 1  36
45 27 43 14 20 51 27 52 49 52 45 10 51 52 34 42 11
19 34 53 32 51 37 21 18 47 16 27 24 18 54 55 56 57
58 50 2  22 59 57 23 20 38 14 16 52 60 46 34 41 5
31 3  32 25 3  49 33 27 9  43 51 42 15 11 50 22 15
25 52 45 16 34 49 50 27 61 21 5  40 56 60 54 60 2
47 16 41 42 31 7  18 14 51 45 37 56 33 23 48 21 59
50 39 36 28 21 31 15 32 16 43 1  30 62 47 6  13 19
3  45 32 29 57 40 4  12 19 59 11 60 46 39 25 7  2
7  14 52 27 14 4  48 59 27 20 22 15 57 44 54 31 30
44 25 58 4  38 1  17 47 3  23 18 62 14 27 56 43 1
21 29 55 55 1  18 34 2  11 59 41 33 43 6  49 37 13
44 14 51 15 2  38 23 43 7  52 34 53 24 60 13 62 19
46 20 10 41 49 51 25 61 30 59 42 33 57 44 59 9  39
48 35 11 6  13 31 63 14 22 50 18 30 21 24 2  38 15