1  2  3  4  5  6  7  8  9  9  8  10 5  11 12 8  13
14 11 1  5  3  4  8  7  6  4  14 15 13 16 17 5  8
16 1  18 19 1  9  9  8  10 17 10 11 8  19 11 6  18
10 9  13 20 8  18 20 13 4  11 16 9  13 9  13 13 19
12 5  20 17 1  11 20 17 8  12 20 12 8  4  17 17 10
13 6  11 1  18 4  14 1  21 4  17 4  6  4  1  11 6
9  17 19 6  4  11 11 10 4  8  8  11 1  5  5  14 18
12 8  5  20 4  3  13 6  13 11 19 12 13 18 7  17 8
15 17 22 20 4  8  8  8  23 8  13 6  6  6  6  1  17
9  13 11 6  6  1  9  11 10 16 8  8  4  5  11 10 5
16 8  11 13 3  3  18 20 13 9  19 9  5  9  16 8  15
1  17 7  13 11 2  8  11 1  8  1  1  17 11 5  1  8
10 9  5  17 8  13 3  6  13 4  18 15 10 10 1  6  1
1  9  8  13 15 16 8  4  20 17 12 11 16 6  15 16 20
10 7  4  11 8  5  1  17 1  8  5  6  1  17 16 13 20
8  9  1  17 13 9  7  1  4  14 12 3  4  5  2  16 4
17 20 5  20 16 8  1  6  7  23 3  17 16 9  7  8  8
20 5  1  11 3  7  11 10 5  23 4  13 10 14 17 8  19
14 1  9  4  1  4  8  8  11 5  4  17 8  3  8  10 6
10 14 17 12 7  8  10 10 13 17 14 5  9  13 11 11 1