1  2  3  4  5  6  7  8  8  2  5  9  10 1  5  11 1
12 13 14 14 10 5  15 5  1  16 16 7  8  1  14 11 11
1  5  7  9  10 12 14 5  11 11 17 8  5  9  18 4  10
5  14 14 16 2  4  9  16 5  12 19 11 20 10 10 1  21
9  16 17 21 1  6  6  5  1  5  14 14 11 20 3  4  11
6  8  11 5  4  13 11 6  8  22 21 7  14 17 21 13 4
9  8  2  11 10 19 4  14 5  17 17 8  9  11 14 11 6
17 21 7  10 12 17 1  3  20 7  8  5  6  19 10 14 16
7  7  22 13 19 17 2  19 16 21 1  14 22 7  14 14 5
14 11 1  9  21 5  5  10 7  23 7  11 9  4  16 14 21
8  10 7  11 16 6  10 6  9  17 17 14 9  10 9  21 8
14 10 9  7  1  22 19 7  9  14 5  17 13 10 10 16 6
1  16 12 5  8  1  5  21 5  5  7  17 14 1  10 10 6
5  11 17 9  8  16 16 19 11 19 9  1  10 22 5  11 16
1  11 14 14 5  5  9  16 10 5  14 12 20 5  2  1  14
17 2  19 16 9  20 5  8  10 11 5  14 5  2  4  2  19
14 9  10 10 8  10 10 5  2  14 2  10 2  10 8  23 10
19 5  20 8  5  11 8  5  5  14 14 17 16 7  2  1  10
2  5  11 10 5  19 16 4  7  9  5  5  9  2  10 5  16
6  7  10 9  5  20 13 5  14 23 16 16 5  14 4  17 1