1  2  3  4  5  6  7  8  9  10 2  11 12 2  13 14 15
16 2  11 1  13 7  9  15 17 18 19 2  20 4  21 1  13
22 23 24 25 26 14 27 18 6  28 12 29 15 30 31 11 18
22 7  3  4  9  19 1  23 27 32 9  33 31 8  11 17 3
29 12 22 30 1  15 14 18 19 6  13 7  16 9  14 25 11
17 29 18 22 7  27 13 8  4  3  34 20 2  21 11 6  14
7  13 24 29 23 32 18 35 29 36 15 17 20 9  10 37 9
1  14 11 36 33 19 23 17 9  13 9  9  29 8  29 18 22
16 17 29 15 12 6  2  24 19 23 29 35 28 9  8  3  1
19 17 38 1  26 6  2  39 8  11 16 40 1  1  17 4  23
6  15 41 38 8  21 31 19 6  16 13 12 11 2  35 29 7
29 14 11 10 11 9  15 10 23 8  30 6  1  13 29 8  36
16 39 18 4  2  6  3  15 16 19 12 31 8  31 9  16 10
1  41 34 1  11 17 12 27 16 17 8  1  29 7  30 12 2
42 23 19 15 30 31 3  27 14 13 18 11 39 23 25 18 22
39 9  19 10 33 9  16 9  8  23 15 6  17 18 6  19 3
1  41 29 18 31 35 14 25 14 30 9  7  17 23 42 30 27
13 1  9  31 12 28 42 6  16 21 29 8  3  1  19 27 36
31 23 27 21 2  12 31 40 19 11 1  28 13 14 26 30 32
25 6  23 2  24 26 4  15 26 17 11 28 3  1  21 17 9