1  2  3  4  5  6  7  8  9  10 11 8  12 13 14 15 16
17 18 4  19 20 21 22 23 24 25 26 27 19 28 29 30 27
22 31 32 14 33 34 35 12 1  6  29 35 36 37 38 39 8
40 5  2  41 42 4  9  43 44 45 40 32 14 34 12 46 1
39 7  5  17 47 42 39 48 33 44 49 50 1  41 12 19 15
4  51 6  52 45 36 43 37 20 53 29 1  12 32 54 55 10
2  27 12 34 20 15 12 1  46 56 23 6  17 21 5  8  43
13 23 39 52 28 25 21 29 40 42 51 12 31 57 54 18 2
35 34 58 33 34 3  12 5  4  11 39 31 50 16 20 6  19
24 10 8  29 44 9  35 13 32 35 52 41 27 45 50 51 34
6  15 27 59 11 19 52 9  18 22 40 12 11 14 43 12 3
25 1  31 60 13 28 29 54 10 29 23 6  17 35 57 28 36
55 20 54 2  19 42 34 36 50 12 41 7  8  6  56 31 26
21 52 37 54 6  61 32 49 27 41 37 43 30 10 45 33 25
5  36 1  16 39 38 34 7  45 14 12 28 23 31 51 12 33
3  55 2  20 57 29 29 10 8  1  11 14 6  7  34 45 56
19 52 54 59 61 47 12 38 23 4  46 5  7  27 14 56 17
25 61 53 54 6  13 39 42 18 24 51 12 9  35 16 29 49
26 12 3  2  55 32 21 21 12 36 44 49 34 20 42 37 11
12 14 9  7  31 54 57 5  59 33 41 60 39 34 12 17 29