1  2  3  4  5  6  6  7  8  3  9  10 11 12 13 14 15
16 17 18 18 19 20 21 1  22 23 24 25 26 27 28 6  29
30 26 31 8  20 16 3  32 33 34 35 36 34 37 38 8  33
8  39 14 40 41 42 43 9  24 32 44 7  5  11 6  34 20
35 7  45 46 47 7  48 49 50 51 36 11 6  13 39 29 39
52 43 29 33 53 10 9  54 14 18 55 1  4  5  23 41 17
56 5  47 24 49 30 10 31 31 38 45 7  32 33 11 26 19
35 21 57 58 59 50 29 44 56 31 32 60 50 4  53 39 23
51 2  51 26 30 17 59 24 5  20 34 6  28 54 33 45 8
22 61 33 62 34 21 1  21 50 14 27 52 63 27 36 44 9
15 10 22 33 64 43 1  25 3  16 34 60 35 55 56 7  12
57 12 5  63 14 65 27 11 40 37 6  43 36 30 65 64 20
2  45 12 21 9  1  58 56 35 32 40 39 30 4  22 60 53
12 23 26 19 60 31 10 46 3  5  53 35 29 32 33 17 26
50 20 45 59 42 21 48 3  24 56 27 37 34 44 23 52 61
64 39 34 13 31 25 5  41 40 19 20 45 29 55 32 9  57
60 4  13 21 33 32 11 39 54 8  25 32 5  35 33 11 23
15 24 32 50 1  23 20 50 52 10 27 45 12 2  22 39 47
45 4  19 3  5  30 20 42 38 58 26 17 47 6  20 16 35
57 62 60 2  43 55 50 54 12 14 7  36 11 20 13 21 47