1  4  6  17 47 34 36 2  36 49 25 37 33 18 9  12 59
42 48 45 20 20 35 13 43 52 48 34 48 32 33 12 3  7
23 36 12 24 20 48 13 41 42 20 10 53 47 20 1  56 46
30 20 44 50 25 37 14 2  45 16 23 3  35 20 31 24 46
36 44 14 1  34 47 32 33 28 17 6  37 34 54 33 13 2
32 51 50 45 43 29 35 20 3  6  47 23 36 37 42 14 48
46 22 26 41 27 50 20 28 23 24 44 35 13 42 51 9  12
29 19 2  14 25 55 9  40 14 13 11 34 52 50 41 14 27
2  3  52 14 32 43 33 25 21 38 42 34 30 22 40 28 53
46 23 52 54 36 29 20 51 52 16 59 40 31 24 3  44 32
28 32 3  47 15 1  50 8  37 17 40 14 24 39 39 46 48
23 56 24 35 33 60 36 28 5  59 51 35 24 60 47 46 48
21 43 23 44 41 9  20 52 45 50 35 43 42 49 36 12 2
21 1  12 50 29 32 13 48 36 28 23 24 51 30 2  60 52
31 33 50 22 25 3  8  37 56 20 15 9  43 29 28 1  18
15 10 44 8  43 12 32 47 12 47 2  13 9  17 51 10 23
43 14 3  35 60 30 9  35 19 24 40 1  41 42 37 2  3
57 10 32 29 58 47 8  20 4  38 13 23 14 18 52 60 55
9  36 25 59 10 27 52 48 53 12 43 1  49 38 23 13 33
36 24 60 51 47 35 39 25 41 2  3  31 20 28 52 1  46