1  2  3  1  4  5  6  7  8  9  10 11 12 6  13 14 15
16 5  17 18 19 20 21 8  10 22 23 24 25 5  26 8  27
24 28 29 22 12 30 14 31 14 32 12 15 11 30 33 34 10
35 11 36 18 7  37 11 38 5  39 40 22 1  9  41 42 43
44 6  26 15 26 38 45 24 8  21 27 23 25 11 11 32 29
15 24 46 15 5  47 1  48 19 44 49 21 26 30 50 30 41
42 34 51 8  33 11 11 14 32 12 48 52 11 39 30 21 44
40 16 18 5  32 33 19 10 33 39 42 42 8  11 30 20 7
10 44 47 3  14 6  53 11 54 55 5  37 52 21 10 11 31
34 14 30 38 4  56 2  31 27 21 9  55 28 24 13 9  15
1  31 25 22 26 21 10 57 19 7  17 11 45 47 12 26 35
23 32 41 15 25 5  42 42 19 16 30 52 24 23 46 6  49
14 31 21 18 10 11 1  7  12 15 21 50 53 18 32 20 58
42 56 21 35 39 8  9  49 18 36 14 1  50 1  12 17 45
24 55 20 12 3  14 46 34 23 35 15 40 42 53 21 25 23
36 13 33 9  23 49 21 4  34 30 37 57 22 52 43 55 54
17 50 56 47 11 51 40 32 8  55 2  8  12 13 20 45 44
4  8  49 15 9  46 42 8  59 36 38 47 3  26 53 60 14
32 21 30 15 13 55 19 49 4  11 48 40 41 41 57 13 47
7  37 35 41 34 12 26 15 9  46 23 30 18 29 21 10 52