1  2  3  4  5  6  7  8  9  10 11 3  12 13 14 15 16
17 18 19 20 6  19 19 17 21 1  1  21 19 22 8  16 16
23 18 24 25 26 1  11 27 15 28 29 9  7  8  12 1  30
29 23 8  31 14 32 10 33 4  16 17 20 7  10 28 1  34
32 11 9  30 15 20 11 15 35 8  7  13 1  8  6  20 27
12 23 3  24 30 6  26 5  23 11 36 1  18 4  37 30 12
22 31 8  3  24 15 23 20 26 28 38 11 15 30 39 19 40
13 29 25 2  1  20 27 32 13 11 15 6  41 5  10 12 6
4  23 42 8  7  30 16 20 1  11 18 40 24 22 15 12 6
20 11 15 28 32 20 26 23 16 14 18 9  36 2  30 10 42
19 27 16 29 11 15 35 24 8  38 41 20 9  25 29 35 1
13 28 32 38 43 11 7  21 5  10 18 27 7  26 15 12 6
34 35 19 8  41 16 10 12 24 23 6  19 1  26 8  39 20
44 24 26 17 12 18 11 30 25 13 24 3  23 28 43 9  1
8  40 6  2  30 27 26 21 4  12 23 33 6  24 26 24 26
31 40 2  1  41 34 37 16 13 8  27 30 1  7  13 23 44
33 15 29 20 27 12 8  10 6  24 3  12 9  1  7  32 13
8  10 1  27 5  18 16 21 13 6  26 29 19 24 28 8  1
8  11 22 1  43 30 36 32 27 13 31 41 4  22 9  23 7
34 15 20 12 11 44 15 28 8  6  38 18 12 1  8  26 1