13 7  24 13 27 38 20 28 57 48 14 58 13 27 10 23 13
32 33 62 34 56 17 35 39 1  14 21 13 27 57 18 51 40
28 52 27 26 38 46 27 36 55 2  52 11 46 22 49 51 14
19 25 15 16 13 23 58 41 52 31 42 39 20 24 53 38 40
37 28 38 38 51 25 13 32 51 26 51 13 16 50 27 12 14
48 56 28 16 16 4  49 21 60 60 1  57 48 21 34 30 48
53 13 17 41 49 23 53 8  13 31 13 53 26 11 14 15 27
28 13 26 27 28 42 37 2  52 23 39 51 9  47 3  32 40
30 57 57 59 33 51 50 58 45 16 39 13 14 14 52 43 34
25 13 51 13 1  13 54 32 26 36 20 46 23 27 37 36 47
13 45 53 51 5  14 33 34 63 38 28 15 41 39 16 52 35
42 43 13 46 47 24 48 16 7  13 49 38 64 40 50 45 26
48 49 2  50 48 44 53 54 15 26 46 27 16 62 56 13 21
54 14 32 51 26 33 34 52 61 25 38 6  53 15 11 12 37
36 49 44 3  19 13 5  38 42 32 51 16 51 63 13 13 5
1  58 14 64 55 15 9  56 26 16 3  19 27 23 22 39 20
50 17 43 47 28 37 40 1  38 13 38 30 9  37 51 31 45
39 21 40 52 38 46 1  33 42 2  9  44 5  53 38 3  13
34 43 13 27 15 27 44 51 39 44 13 8  35 15 32 13 25
51 55 48 32 52 34 13 53 51 1  47 28 39 4  14 15 5