1  2  3  1  4  5  6  7  8  2  1  9  10 11 12 13 14
15 16 17 18 19 20 19 6  3  21 22 23 19 14 24 25 26
27 9  24 7  13 28 29 30 13 31 19 32 15 33 13 34 31
7  35 36 37 13 21 38 9  39 40 32 41 26 42 6  43 2
44 19 38 3  45 46 47 48 49 28 24 21 50 51 16 5  12
52 34 32 31 11 53 14 22 30 54 26 26 25 17 55 10 6
18 14 17 56 57 3  7  45 55 40 48 13 58 12 34 59 37
53 52 21 60 28 1  46 32 26 31 2  29 14 17 43 28 6
61 19 55 20 1  18 32 33 53 54 5  51 49 36 10 4  9
48 12 43 40 5  61 37 1  46 46 7  19 14 6  39 13 51
18 11 54 2  55 18 36 3  5  32 21 54 46 16 19 35 47
30 46 32 28 20 27 50 4  32 21 20 49 23 24 32 55 4
3  48 60 21 61 48 35 37 49 18 2  46 23 7  11 36 33
43 42 54 32 13 55 6  10 60 52 38 18 60 36 13 35 34
26 4  58 5  22 19 21 59 62 14 25 21 57 53 4  61 12
29 20 33 15 43 48 30 7  60 56 32 26 28 1  32 32 55
20 27 21 49 34 2  40 42 37 17 10 53 61 18 5  5  1
41 16 58 56 31 62 20 4  36 7  17 32 36 51 17 40 37
2  49 26 19 45 10 15 55 21 22 11 33 61 29 51 34 52
33 32 23 14 6  46 34 28 48 26 4  48 12 26 20 45 31