1  2  3  4  5  2  6  7  8  1  9  10 11 7  1  11 12
13 8  10 14 13 1  7  6  13 5  6  11 15 16 17 18 19
20 9  11 21 12 22 1  3  15 23 24 25 3  1  3  20 26
3  13 27 20 8  24 19 9  28 29 5  17 23 19 29 30 16
24 31 32 11 6  2  20 15 6  4  33 5  34 7  14 11 23
4  9  26 8  12 35 29 8  19 15 10 11 22 11 1  7  14
20 25 10 36 4  23 1  13 25 3  8  37 11 8  9  6  1
7  19 32 11 27 17 8  2  21 1  26 25 3  10 16 1  9
10 15 13 37 20 12 31 34 38 19 25 14 25 1  4  39 38
10 24 21 40 15 1  19 40 7  25 41 16 6  8  14 27 11
8  29 8  31 6  37 32 6  15 23 10 29 15 13 16 15 1
39 20 7  36 5  42 10 4  1  7  37 11 11 31 25 7  40
17 27 30 3  4  25 35 7  8  15 10 15 1  28 13 6  11
22 19 15 8  19 19 40 13 8  29 9  20 24 13 10 8  19
11 14 15 2  21 1  38 43 12 1  1  23 7  13 40 31 1
11 24 4  32 27 26 37 9  5  11 20 10 17 12 8  28 39
15 10 40 40 13 3  14 6  20 16 9  21 18 40 1  8  15
11 13 8  2  9  20 14 5  37 7  32 3  35 17 41 10 18
13 43 8  19 24 23 1  40 28 25 30 9  19 20 11 21 9
15 5  14 41 7  26 19 20 44 11 13 30 35 9  43 19 7