1  2  3  4  5  6  7  8  9  10 11 9  12 13 14 15 16
17 18 19 20 21 22 1  23 10 24 25 26 27 17 28 29 30
2  5  31 16 8  32 33 34 35 21 36 4  37 38 20 22 39
20 40 7  18 10 41 42 32 26 27 22 43 11 44 21 16 5
45 26 46 6  47 6  21 48 7  27 17 49 50 30 9  3  1
37 32 51 42 26 52 38 53 23 53 34 5  22 2  24 14 4
12 26 31 19 11 54 8  10 6  1  31 20 4  9  33 18 16
36 24 5  35 22 50 55 28 30 38 31 1  8  56 38 25 21
43 11 8  39 9  15 57 18 24 28 50 44 22 58 26 56 1
49 12 31 53 17 21 33 18 24 41 15 37 48 16 59 10 30
35 10 28 25 31 42 3  50 8  16 22 39 9  21 16 4  1
3  40 44 46 43 9  60 6  47 12 8  13 59 11 46 46 34
7  18 58 9  30 53 61 37 11 56 38 15 32 30 14 55 6
32 19 36 24 48 3  40 34 50 47 34 17 40 12 21 19 32
53 34 41 10 5  22 20 26 29 27 48 55 36 40 8  28 47
35 25 16 19 54 51 38 34 42 60 30 31 3  52 27 21 18
61 46 27 21 26 24 2  28 8  16 58 31 30 39 26 21 39
35 4  47 4  59 19 30 6  36 1  8  4  4  57 48 53 34
16 33 27 36 19 54 35 38 19 39 21 57 22 36 56 6  5
19 26 53 33 15 23 35 44 34 18 42 47 50 11 46 34 17