1  2  3  4  5  6  7  8  9  10 11 12 13 14 5  15 4
16 17 1  18 11 19 20 21 3  22 2  23 7  24 25 26 27
28 8  6  29 30 14 22 15 19 30 31 3  32 13 18 33 5
8  34 7  14 20 9  16 6  22 35 28 20 6  36 28 37 20
5  3  2  15 18 13 14 7  9  38 19 22 3  21 4  30 7
12 39 15 40 25 17 37 18 14 2  16 32 15 18 9  41 8
6  23 14 42 28 20 39 3  7  38 16 15 22 6  27 9  22
11 3  13 28 17 7  43 10 3  5  37 18 2  13 17 33 7
19 20 14 15 16 9  30 4  6  18 1  40 14 15 18 37 14
6  20 20 21 37 38 26 43 29 26 9  21 19 38 42 15 4
35 8  16 41 22 15 3  10 18 21 19 33 31 5  9  6  35
32 17 11 37 17 24 14 15 37 2  4  22 17 8  41 39 7
3  7  37 10 18 26 6  35 5  11 16 28 8  14 3  20 9
15 41 4  40 7  5  17 8  30 35 28 18 3  35 33 19 7
22 6  23 16 39 20 14 21 42 35 3  11 4  7  22 30 5
3  24 44 19 6  10 37 7  28 9  3  16 22 9  8  26 15
18 14 41 43 30 16 23 20 35 36 41 45 35 7  15 13 12
6  5  18 9  14 22 41 2  3  7  1  8  15 3  19 18 13
2  5  33 14 24 7  34 13 46 15 26 30 10 19 30 25 19
18 42 8  21 16 35 33 28 14 41 35 40 38 6  11 41 15