1  2  3  4  5  6  7  8  3  9  4  10 3  11 12 6  10
13 13 14 4  15 11 15 13 16 7  14 11 14 3  13 17 14
13 15 18 4  5  15 3  3  1  12 4  14 5  6  12 17 1
3  13 9  3  8  19 2  2  6  4  6  12 16 5  12 20 15
10 10 12 4  5  4  6  21 4  2  16 11 14 3  9  3  12
10 13 6  13 14 4  6  4  16 11 4  14 3  22 19 3  15
21 12 22 11 8  13 13 13 3  5  6  23 3  14 4  15 6
12 4  12 15 5  3  18 15 5  7  10 23 15 18 3  2  9
10 3  6  10 5  23 11 13 13 10 5  3  12 3  15 18 10
11 19 21 10 5  4  5  6  21 8  8  10 5  5  1  5  3
18 5  9  2  6  21 5  15 3  8  9  13 12 21 14 9  3
4  15 21 9  10 18 23 18 12 11 8  18 4  12 13 6  18
4  11 13 3  11 5  3  15 8  15 13 23 12 14 3  6  12
15 16 20 13 21 18 13 4  8  6  8  4  20 14 6  7  12
3  15 3  3  4  16 9  15 10 13 3  4  3  4  13 14 12
6  8  7  3  5  18 21 14 3  8  2  15 15 5  10 14 12
3  16 11 3  10 5  15 4  1  15 10 16 1  4  10 10 7
5  21 4  12 3  10 11 3  4  18 10 9  9  3  6  4  6
10 10 13 3  6  13 3  1  3  12 10 15 11 14 14 15 8
12 12 15 2  2  4  16 12 18 4  16 3  18 12 8  21 3