1  2  3  1  4  5  6  7  8  9  10 11 12 12 13 8  14
2  15 16 17 18 19 11 1  20 21 7  2  16 8  1  10 22
23 2  21 14 24 2  25 19 26 27 11 11 28 3  1  11 10
19 2  1  27 21 26 29 11 30 14 6  19 1  31 10 32 21
23 21 33 23 4  17 24 11 34 15 19 33 8  17 1  7  3
35 14 25 36 11 37 16 3  38 15 2  13 19 31 36 10 6
2  15 8  39 36 8  2  14 30 27 38 8  27 3  21 40 5
15 10 23 3  38 22 41 21 2  1  8  11 3  28 15 14 21
37 26 15 14 33 11 17 2  13 39 8  10 1  2  5  8  23
42 5  21 15 23 5  2  31 22 37 24 19 10 21 8  15 3
14 31 7  2  22 10 27 19 6  34 3  8  21 14 15 1  16
5  24 7  10 16 38 35 13 22 5  21 41 7  43 11 8  19
1  36 8  30 3  12 15 16 9  7  37 13 11 36 23 6  1
38 25 5  43 39 2  29 14 21 1  13 24 8  6  23 10 15
21 16 36 11 15 5  23 24 44 10 28 10 13 18 6  8  21
30 24 20 19 29 4  1  15 33 40 5  21 21 18 23 8  22
7  36 41 3  30 20 11 2  6  19 21 15 5  21 13 19 24
30 36 12 26 13 27 11 19 18 42 40 27 38 15 14 16 23
5  7  19 23 6  11 19 21 17 1  11 16 17 3  14 15 21
8  11 3  17 27 17 30 15 31 15 34 11 9  21 11 5  17