1  2  2  3  2  4  5  2  2  6  7  1  8  3  9  6  10
8  11 1  3  12 11 9  1  3  8  5  2  1  13 2  14 8
2  9  1  4  6  7  15 6  14 16 2  2  15 14 6  7  16
2  9  2  1  16 6  8  10 12 9  7  1  1  5  15 7  8
16 1  14 15 17 8  7  15 12 18 4  13 1  1  13 17 5
19 3  20 5  11 16 1  15 21 22 17 22 11 20 2  22 8
13 15 2  2  1  3  5  17 1  3  9  3  5  5  7  20 2
15 14 1  6  2  13 5  1  1  16 15 7  7  11 13 7  5
16 10 9  17 16 1  15 3  1  9  5  1  15 14 5  16 8
17 2  12 6  1  18 23 3  3  13 5  6  3  15 1  10 8
20 16 8  17 7  5  7  3  13 2  13 6  9  11 19 7  10
5  15 6  9  8  15 19 3  13 9  7  8  15 3  24 3  20
2  1  1  12 23 17 7  15 2  1  7  5  19 5  17 16 6
1  15 2  1  12 12 8  1  7  15 3  16 3  9  9  16 3
15 3  5  2  16 5  6  2  9  9  12 5  1  1  8  1  12
20 7  8  20 19 5  1  1  17 8  16 16 17 1  17 15 23
1  9  17 5  6  15 3  5  2  19 9  24 3  5  8  5  1
12 7  6  15 6  2  15 5  23 7  6  3  6  3  2  5  3
6  16 8  6  17 7  5  16 3  13 2  6  16 1  9  6  3
7  18 3  6  19 9  15 19 9  13 13 2  2  24 15 2  2