1  2  3  4  5  6  7  4  8  6  9  10 11 4  12 13 13
14 15 12 16 17 4  18 12 7  19 16 12 11 18 7  14 16
12 16 16 7  5  7  19 12 5  7  4  4  18 4  12 3  13
2  13 17 4  12 8  20 5  16 12 2  16 11 7  19 2  19
21 20 5  11 13 13 17 16 8  13 7  6  2  13 12 8  21
5  15 13 6  9  4  18 7  4  19 15 4  2  12 18 7  7
15 12 21 12 15 2  2  15 16 7  3  7  21 15 7  4  13
21 22 2  4  18 13 10 20 17 16 6  8  15 7  4  9  18
6  19 7  19 12 13 7  19 3  13 4  19 7  2  4  12 15
7  4  7  15 21 2  9  19 19 15 7  9  12 18 14 9  2
7  7  12 12 5  17 9  22 7  13 8  17 12 19 7  12 18
15 7  13 12 16 18 13 23 16 13 11 16 3  15 4  13 4
15 16 19 7  13 12 19 20 3  19 2  18 13 7  18 19 7
7  16 4  15 4  23 12 18 15 7  3  23 7  15 5  15 4
4  7  12 22 19 8  11 4  17 4  17 9  7  14 9  3  16
19 4  2  16 15 13 19 17 2  18 4  13 18 19 16 7  13
9  16 4  13 4  19 7  6  12 12 2  2  7  18 7  23 4
19 7  3  12 13 2  4  17 15 2  7  15 7  13 12 13 7
18 7  18 19 3  18 19 2  12 12 20 15 2  7  18 7  11
17 2  18 18 19 17 7  7  4  7  5  17 7  17 4  4  5