1  2  1  3  4  5  6  3  7  8  2  7  9  10 11 10 1
12 13 5  2  14 3  8  10 15 3  4  2  12 10 14 8  3
1  16 5  17 10 18 18 5  2  18 14 3  7  8  3  14 19
1  7  13 17 3  1  9  3  8  8  14 3  3  3  3  14 2
3  20 13 21 7  5  5  6  14 3  9  3  7  14 1  22 2
9  20 3  10 9  23 2  3  10 5  20 9  8  14 3  13 5
10 14 9  14 8  22 8  7  15 9  5  3  12 10 5  19 9
22 9  8  21 9  7  13 14 3  19 3  2  23 8  19 12 5
3  3  8  4  6  7  8  7  10 9  12 13 17 22 2  15 3
3  2  8  3  10 3  2  7  3  12 10 5  19 8  12 14 9
8  22 24 17 13 5  3  9  7  11 2  14 8  17 12 3  11
13 1  8  5  9  24 5  13 24 8  10 8  2  2  3  10 2
7  12 8  5  15 9  10 12 10 12 7  18 24 1  11 13 13
7  12 15 12 13 4  1  5  19 3  14 3  3  13 6  14 13
9  12 7  5  21 3  3  10 8  3  1  15 10 24 19 5  14
7  3  5  4  13 17 14 6  10 2  1  14 22 11 3  20 8
11 15 3  14 3  8  10 7  12 8  5  11 1  14 10 3  13
12 10 10 10 8  2  8  14 13 15 1  3  3  3  3  5  8
8  14 7  12 10 22 8  20 12 4  24 10 6  10 8  12 3
6  4  8  18 3  17 2  5  14 2  14 3  14 12 9  3  8