1  2  3  4  4  5  6  7  7  8  1  9  2  10 11 12 8
10 7  13 1  4  8  14 12 15 6  16 10 1  3  7  10 8
14 6  7  1  8  17 7  16 15 5  2  11 8  2  8  17 8
17 2  5  12 6  13 14 9  14 8  5  18 6  9  12 7  10
6  2  9  12 19 14 2  8  8  7  9  12 20 18 21 20 7
2  6  17 6  12 1  9  2  12 5  14 3  1  7  13 5  8
14 22 7  7  5  11 2  4  8  9  12 19 23 22 2  22 12
8  10 6  4  6  6  4  5  4  8  10 1  7  14 8  14 6
7  5  22 2  5  13 1  14 8  19 2  19 24 8  1  2  10
9  1  12 20 5  6  23 20 21 7  5  6  12 5  7  10 7
17 9  5  2  7  6  14 22 7  9  7  6  10 8  2  10 22
5  7  5  1  19 13 6  22 8  7  5  7  2  2  12 2  4
12 22 8  6  6  8  2  13 11 7  1  2  9  9  12 10 8
2  10 2  8  1  4  1  10 14 17 2  13 2  13 8  2  7
16 7  10 13 6  11 5  7  5  5  17 5  1  2  23 5  10
8  13 14 8  7  17 12 10 1  9  1  19 9  12 8  15 5
12 6  24 13 20 9  6  2  7  2  4  22 4  1  1  8  10
7  2  20 11 8  5  6  2  22 13 6  6  8  8  2  4  5
5  7  9  1  15 5  19 12 9  13 13 1  12 11 6  1  20
19 10 5  2  9  7  6  15 7  5  20 1  4  14 2  1  8