1  2  3  4  5  6  7  8  9  10 11 12 2  13 14 15 16
2  17 18 16 19 20 2  21 3  1  22 23 24 25 20 26 23
12 27 28 29 2  30 7  31 2  32 5  33 31 23 34 35 12
36 37 38 39 22 2  18 40 3  25 27 34 37 11 14 12 18
8  41 42 26 33 2  43 44 25 45 14 31 2  45 1  46 18
44 7  37 21 47 4  13 35 29 40 48 26 49 18 27 3  3
23 14 32 50 20 23 22 31 2  33 40 31 27 21 47 23 5
8  7  25 29 35 51 1  36 18 16 52 22 50 17 27 45 24
50 1  2  11 31 44 44 7  15 47 37 13 37 14 2  43 6
21 51 30 35 45 17 27 25 34 3  23 17 7  8  33 2  10
32 37 44 52 47 40 44 15 8  13 9  36 27 18 44 28 31
38 3  2  27 48 27 14 5  12 3  52 2  24 6  11 30 51
27 8  29 21 47 30 14 26 51 44 12 25 19 16 53 39 10
32 47 1  46 2  53 11 20 40 33 35 17 3  47 45 51 38
23 36 2  34 5  2  8  27 2  22 26 29 39 28 43 19 37
32 30 31 44 16 11 5  23 37 31 45 45 8  43 7  31 15
18 12 16 15 54 2  2  3  52 21 7  2  37 15 46 2  17
43 31 28 6  25 18 11 31 26 53 19 45 24 8  30 35 45
2  55 42 32 3  1  33 2  26 32 43 34 21 24 56 12 30
22 3  47 7  2  6  5  27 43 15 40 27 23 4  16 22 2