1  2  3  4  3  5  6  1  7  8  9  10 11 8  3  2  12
13 13 4  1  13 13 14 2  11 6  11 1  3  1  15 3  9
11 1  16 17 5  3  18 3  19 20 17 6  6  7  11 2  4
13 1  16 15 4  18 15 10 9  14 20 11 2  3  17 6  21
6  1  13 6  16 17 11 16 3  16 1  9  1  13 2  22 3
17 13 1  11 17 18 3  6  1  11 5  15 8  11 4  3  13
13 17 6  6  8  1  6  17 9  4  21 11 13 14 13 18 4
13 8  9  13 23 14 4  17 10 17 17 9  4  6  11 21 1
6  15 11 18 2  24 22 8  2  5  1  1  14 1  17 23 17
15 21 3  11 16 1  10 13 2  6  13 6  1  2  1  6  16
9  11 17 13 9  6  1  17 13 6  17 2  1  21 4  9  11
2  8  13 18 11 5  6  9  12 13 1  17 6  2  11 13 16
16 16 16 8  18 14 22 16 5  2  6  20 3  15 25 13 22
2  1  5  1  10 1  5  8  13 1  3  5  4  9  5  13 8
16 19 1  22 16 5  14 16 1  5  8  2  13 17 1  13 8
2  1  13 5  4  4  17 17 17 4  2  16 1  1  8  2  17
3  13 22 23 5  2  11 16 15 1  13 1  15 2  6  1  10
17 10 9  5  11 3  18 9  23 18 16 5  3  18 2  1  13
8  3  13 17 6  17 13 21 11 13 5  16 23 22 17 9  3
17 23 15 13 8  16 17 1  14 17 5  1  1  2  6  1  3