1  2  3  4  3  5  6  7  8  9  3  10 3  11 4  12 5
13 14 15 16 7  1  4  6  17 18 3  16 19 20 8  21 22
6  23 3  24 25 26 27 28 7  5  3  29 12 18 19 30 11
31 9  32 33 13 12 4  10 27 8  26 24 1  2  16 10 7
13 9  6  28 16 34 22 6  3  13 35 19 4  36 14 28 10
23 19 31 34 5  9  37 7  38 1  26 4  39 30 35 9  13
25 32 5  10 16 8  37 30 28 23 38 21 17 19 6  19 40
2  3  11 10 27 20 23 10 17 11 34 24 13 1  31 16 40
23 5  19 10 24 7  33 17 6  24 3  11 28 10 16 23 27
1  9  31 17 5  34 8  7  25 1  33 29 3  40 31 23 6
8  5  16 24 12 11 17 12 8  13 11 6  21 7  8  26 23
30 24 17 1  3  30 8  31 41 32 10 27 10 16 7  35 5
2  1  5  19 4  26 11 34 5  4  30 6  23 6  6  3  10
26 24 31 37 7  13 26 17 6  11 3  36 31 9  5  14 20
8  7  27 13 32 1  11 6  16 6  23 27 3  40 24 31 13
16 18 5  24 23 27 7  26 24 32 3  1  25 23 6  28 12
9  41 31 37 41 21 13 8  36 17 40 10 5  7  36 11 3
40 25 7  11 32 9  7  38 33 32 24 17 36 11 4  9  40
1  35 30 26 39 5  9  8  23 3  19 31 36 17 27 10 13
16 6  1  19 5  7  15 19 23 11 18 17 28 19 3  31 16