1  2  3  4  5  6  7  8  9  5  10 3  11 12 13 14 1
15 9  4  3  16 17 18 19 17 20 21 5  22 23 19 9  5
24 18 25 4  26 9  20 27 23 5  28 29 24 30 31 9  19
32 33 34 20 5  13 17 30 9  18 12 23 5  24 35 9  2
34 3  25 36 37 19 17 20 1  26 13 23 4  1  13 38 24
12 3  32 1  5  16 15 19 8  30 9  32 13 4  27 3  6
4  3  5  20 29 24 9  4  28 20 21 18 17 39 14 10 23
24 26 20 19 8  18 23 40 3  2  1  14 38 24 36 17 4
20 5  3  24 4  29 9  26 18 29 22 8  20 13 5  26 29
9  21 5  41 27 16 34 9  2  38 5  24 11 26 20 9  31
7  3  24 17 4  12 36 6  5  9  27 38 40 42 33 29 19
1  22 23 3  5  9  30 26 4  5  20 24 14 19 23 8  18
17 20 18 17 21 27 24 43 38 11 27 25 6  18 36 13 29
26 34 21 29 38 3  39 20 19 44 14 1  27 9  17 8  14
8  33 27 16 8  33 35 27 17 40 11 15 24 9  29 36 32
14 4  24 43 40 20 38 3  21 15 5  22 24 18 23 12 28
11 26 39 8  26 15 27 13 15 15 6  9  5  35 17 14 38
26 19 20 29 24 20 33 8  40 14 24 9  20 24 8  26 23
19 18 30 22 20 44 1  34 27 13 31 24 23 5  41 36 1
13 19 11 9  39 38 45 1  27 29 4  5  38 14 17 25 16