1  2  3  4  5  6  7  8  9  6  10 11 5  12 1  13 14
15 16 17 1  18 1  5  19 12 20 21 22 23 3  12 24 25
1  26 27 5  13 28 29 8  4  30 31 32 33 21 1  9  6
2  34 15 35 1  36 10 37 38 18 12 39 11 28 27 33 34
4  36 40 3  25 2  41 33 42 19 14 11 38 43 44 45 27
38 15 1  6  46 41 47 6  9  28 43 48 37 37 49 13 8
48 16 4  21 50 50 38 46 11 12 42 18 23 11 1  10 37
19 10 44 25 1  32 1  13 10 26 6  28 50 1  40 51 1
45 5  52 10 20 22 48 34 27 3  31 15 21 4  53 38 25
54 27 18 27 2  3  11 50 1  47 37 8  2  28 41 11 30
9  2  42 19 42 6  45 13 6  9  55 4  21 10 1  17 1
43 36 31 1  26 44 53 30 5  19 35 40 2  50 18 28 46
25 13 52 1  3  48 1  34 38 16 26 41 17 39 55 18 26
1  12 28 11 20 6  7  8  49 1  50 31 33 1  37 28 27
3  6  19 43 24 23 36 50 19 35 19 37 30 16 28 33 56
8  5  17 9  21 40 31 48 8  1  4  44 10 38 15 51 42
11 2  12 6  15 11 13 11 19 23 1  1  20 38 37 18 13
30 16 5  38 16 9  12 35 53 34 1  5  35 32 49 50 17
45 8  1  11 6  32 8  47 27 1  46 48 41 10 17 43 6
1  32 28 42 46 20 38 12 6  23 53 41 50 31 49 43 19