output_sub_directory=Jarlve b1
1  2  3  4  5  6  7  8  9  10 11 12 13 14 15 16 17
18 17 18 19 20 21 22 23 24 25 26 27 28 23 23 5  20
14 10 24 13 4  29 6  30 8  11 31 19 23 32 33 34 16
27 35 5  29 26 32 12 36 11 37 38 28 39 16 11 10 20
40 41 42 24 1  8  16 43 10 3  4  27 44 13 7  14 11
6  45 46 33 47 48 28 9  49 3  12 23 23 45 19 25 50
1  14 16 5  51 15 4  36 43 10 6  23 31 13 39 52 23
8  34 27 38 35 11 37 16 19 44 53 9  53 13 21 42 8
1  11 23 22 49 4  23 16 11 34 6  54 19 55 5  56 21
11 15 30 2  16 43 45 50 10 31 28 40 51 57 12 23 55
26 35 37 13 58 19 47 59 42 21 60 27 54 1  4  6  31
18 8  3  20 23 22 49 29 7  21 61 35 5  45 49 11 30
32 50 33 3  51 45 23 3  36 36 24 16 10 27 20 56 37
42 59 13 18 53 25 37 41 34 24 39 3  49 26 23 45 17
8  38 23 2  43 19 5  55 21 10 9  11 13 23 19 12 25
5  10 3  30 16 13 27 57 23 20 50 34 3  14 42 19 44
1  5  62 11 15 16 28 38 58 52 4  54 11 48 32 7  24
39 26 21 16 41 11 44 28 54 10 7  6  51 9  38 30 14
27 11 7  3  50 28 13 19 8  10 16 17 59 18 31 13 56
19 40 12 14 20 23 23 5  44 44 29 2  52 8  21 30 50

output_sub_directory=Jarlve b2
1  2  3  4  5  6  7  8  9  10 11 12 13 14 15 16 17
18 19 20 21 3  22 23 2  9  9  10 2  24 25 19 18 26
1  12 27 6  28 20 29 19 30 20 31 32 29 33 3  34 9
2  6  32 34 2  1  9  4  35 36 6  10 37 38 39 40 41
42 17 13 27 43 44 45 1  46 7  9  2  47 24 6  22 44
48 49 21 42 27 1  32 50 41 42 7  11 8  37 2  51 34
37 7  27 44 1  6  52 43 42 16 40 53 51 54 37 32 39
24 2  34 15 31 3  1  40 19 9  55 53 31 42 17 27 1
28 3  22 20 29 38 55 4  25 35 7  8  49 52 10 18 52
19 5  44 13 56 31 2  38 37 6  33 3  21 41 7  42 2
16 9  8  39 27 6  26 1  42 32 52 4  27 57 34 1  2
55 58 27 6  42 41 2  23 40 13 53 1  7  16 22 42 4
37 59 56 17 47 10 21 38 60 32 50 61 7  8  59 37 44
34 52 44 7  12 20 25 36 12 9  58 13 15 14 40 10 38
27 53 9  62 16 5  53 44 6  42 35 26 50 15 18 28 31
9  29 50 7  4  27 27 56 1  26 2  59 44 17 8  61 46
15 28 21 34 29 40 12 1  36 20 27 51 3  53 17 10 7
1  39 50 42 27 15 11 60 43 21 49 43 20 23 30 30 6
59 13 34 49 16 52 2  44 38 18 12 22 31 40 3  41 53
48 54 43 2  6  28 10 17 1  38 34 18 19 2  7  4  40

output_sub_directory=Jarlve b3
1  2  3  4  5  6  7  8  9  10 11 12 13 14 15 16 17
18 19 20 21 22 23 12 20 24 25 26 27 28 9  29 6  30
31 32 3  33 17 34 35 16 7  36 24 5  18 37 12 2  38
17 39 39 4  10 29 40 25 1  28 20 41 22 3  7  30 42
12 43 33 20 44 26 37 1  16 45 16 20 9  34 17 30 29
32 46 5  22 47 48 3  45 49 50 11 16 51 52 2  8  26
53 24 54 12 55 23 33 39 16 56 7  4  18 17 20 12 16
32 40 10 1  37 30 16 34 5  33 19 2  27 4  29 4  10
51 18 14 7  20 25 46 37 39 57 39 58 30 32 59 33 41
54 1  2  44 39 31 38 14 55 43 30 17 29 12 6  3  52
17 20 4  37 29 45 12 20 42 2  22 3  4  27 23 57 10
15 9  51 37 55 32 35 24 40 2  25 2  7  57 33 18 10
17 32 46 12 20 14 60 27 36 12 1  28 42 29 30 52 3
7  37 33 56 34 2  61 13 11 4  12 47 36 62 39 20 9
44 8  5  32 44 10 20 1  24 45 17 37 2  38 8  4  8
29 46 3  18 32 55 31 16 22 4  7  37 30 12 18 23 32
9  18 2  42 16 49 11 35 14 17 56 63 48 20 36 8  4
21 43 29 14 40 10 33 1  24 44 37 52 34 12 30 57 33
38 3  45 5  1  11 61 25 7  23 50 28 22 58 32 35 20
2  60 22 18 17 55 4  61 29 57 19 16 14 30 10 14 12

output_sub_directory=Jarlve b4
1  2  1  3  4  5  6  7  8  9  10 11 12 13 14 15 16
17 18 19 20 21 22 1  23 24 1  17 25 26 27 28 29 10
17 30 31 32 6  33 34 26 5  6  19 11 35 24 20 36 29
21 1  37 38 31 1  27 32 39 11 2  40 22 6  36 25 26
41 42 43 27 35 10 24 7  5  1  44 30 6  26 30 3  45
30 33 11 46 1  19 14 27 16 20 3  47 21 8  22 2  24
20 48 6  21 45 18 40 34 35 6  5  49 30 14 50 35 51
52 53 54 26 7  16 20 55 18 25 21 27 17 34 42 3  38
35 50 5  56 10 57 18 23 34 8  19 5  31 6  56 26 7
5  13 15 1  20 58 27 32 28 42 11 36 2  3  6  39 40
44 37 22 26 14 59 2  41 1  27 14 24 21 6  35 10 26
46 55 43 6  7  47 55 19 41 44 40 29 18 38 4  26 23
56 31 34 27 30 2  5  45 20 22 18 24 41 43 10 40 16
34 24 8  31 18 17 6  54 52 28 23 44 21 35 56 13 1
49 51 58 34 57 36 7  20 40 5  32 18 42 29 21 35 11
26 34 38 27 34 47 3  6  7  53 26 19 22 10 26 60 61
62 48 5  27 33 45 16 46 25 20 15 28 14 9  21 2  24
31 57 41 62 19 17 21 59 46 6  31 40 32 26 1  27 43
14 6  35 18 36 44 29 63 1  35 7  52 26 62 23 2  45
8  49 27 6  22 1  11 24 13 38 20 4  25 48 56 26 21

output_sub_directory=Jarlve b5
1  2  3  4  5  6  7  8  9  10 11 12 13 14 15 16 17
4  8  18 19 19 20 10 16 21 22 13 23 24 25 12 13 26
27 28 13 29 26 30 9  31 32 33 34 35 36 6  11 37 38
39 23 1  18 40 41 42 43 13 2  24 15 4  2  2  10 8
44 45 26 17 3  46 4  47 32 21 19 16 35 14 40 48 9
39 41 8  1  19 27 10 49 25 16 23 50 2  11 7  51 52
5  53 46 20 12 44 11 26 11 54 11 6  15 8  39 26 17
55 28 9  23 24 6  54 17 34 35 43 4  56 32 22 45 39
41 46 31 57 19 6  14 58 3  10 16 16 9  23 30 14 37
11 5  55 17 33 11 47 2  26 3  25 35 13 25 11 59 12
51 6  46 41 21 15 17 34 58 35 27 8  19 8  9  19 2
4  28 24 49 7  45 23 26 22 39 6  30 53 60 41 61 2
29 22 27 38 17 5  5  22 26 61 39 18 46 33 16 14 34
45 36 10 43 41 8  30 11 62 48 44 11 35 56 2  47 26
19 39 11 20 21 6  41 14 20 17 3  29 40 25 13 58 35
9  12 26 49 39 16 8  53 8  30 44 3  43 47 15 5  24
32 6  14 35 22 20 33 19 28 16 47 8  41 19 16 21 8
42 14 34 50 2  4  10 26 19 10 41 23 25 33 32 12 47
6  15 11 5  2  17 16 28 8  19 6  26 49 52 46 14 50
20 21 39 51 27 14 16 52 41 57 9  19 7  11 4  41 16

output_sub_directory=Jarlve b6
1  2  3  4  2  5  6  7  8  9  10 11 4  12 13 14 15
16 17 18 17 19 20 14 21 22 16 23 24 17 25 26 14 1
16 9  27 28 29 30 31 3  32 33 34 23 35 36 5  2  37
8  12 38 39 17 40 41 11 42 43 31 13 1  9  22 14 26
44 45 46 26 5  47 4  48 49 7  50 26 27 34 51 5  52
11 3  30 41 16 53 17 21 28 23 51 14 26 17 13 21 54
15 34 45 35 5  31 30 23 2  46 11 55 48 4  26 27 14
31 56 16 34 9  6  29 5  12 26 15 20 23 7  30 57 25
2  1  17 4  58 14 46 24 43 25 40 27 36 3  31 28 37
29 51 16 34 20 7  33 41 58 2  5  18 59 23 39 42 17
33 26 50 31 1  5  54 26 43 5  48 14 23 26 4  24 47
3  27 59 28 35 56 52 28 2  19 53 5  12 10 55 49 41
15 29 16 58 4  2  45 22 26 17 11 1  3  32 30 13 60
48 5  56 12 4  61 26 25 1  14 57 38 3  12 33 16 17
46 24 34 35 62 9  21 14 11 42 8  27 63 7  29 39 28
19 18 15 13 59 32 16 17 24 14 23 16 40 27 5  33 28
1  63 34 6  26 17 32 31 63 3  12 1  60 41 45 29 3
63 14 2  9  23 46 49 43 35 4  39 31 11 7  4  30 37
5  16 23 24 27 20 36 17 62 14 63 34 40 62 16 26 60
28 17 5  10 35 59 2  23 12 48 1  4  31 23 19 3  22

output_sub_directory=Jarlve b7
1  2  3  4  5  6  7  8  9  10 11 12 5  13 14 15 10
1  16 17 18 19 20 21 22 23 24 25 26 27 11 28 29 30
8  5  3  31 32 33 11 34 15 13 10 4  35 36 11 13 37
8  38 1  39 18 40 10 41 5  15 42 1  43 25 44 45 6
23 10 22 33 46 2  42 2  47 18 9  11 16 5  48 32 49
8  15 27 48 25 8  24 13 29 50 10 42 2  51 32 6  7
44 11 52 22 30 16 53 13 22 3  8  37 46 10 8  54 55
27 56 10 4  20 50 11 25 4  22 23 31 17 8  26 37 32
39 1  57 21 25 56 28 33 58 30 31 42 24 18 7  10 13
59 44 6  2  16 45 48 42 11 29 30 35 36 2  22 2  16
33 13 31 46 1  17 50 8  10 37 50 10 17 47 11 27 32
19 18 21 5  28 22 25 60 45 61 32 8  58 61 30 15 42
31 17 1  2  38 10 41 51 4  18 49 45 27 11 30 55 55
43 16 5  15 52 42 53 62 56 25 35 33 1  63 1  48 57
26 8  10 18 21 7  13 3  32 27 11 24 44 46 36 22 58
10 43 2  51 25 33 5  39 5  11 27 8  13 10 28 32 61
23 31 30 21 31 40 55 39 52 43 16 14 25 52 29 15 58
11 34 52 22 39 54 45 8  53 1  42 25 48 7  45 33 63
28 38 18 33 32 4  3  10 16 42 5  39 2  13 20 61 27
11 30 21 41 1  18 26 4  39 21 5  22 23 15 16 44 57

output_sub_directory=Jarlve b8
1  2  3  4  5  6  7  8  9  10 11 12 13 14 3  15 16
17 18 19 20 7  21 19 22 6  13 23 20 24 18 25 1  26
19 25 14 27 28 29 30 31 32 1  33 34 35 11 36 37 38
39 40 16 41 42 8  19 43 44 24 27 9  21 5  16 45 2
25 7  46 47 10 26 30 48 26 49 21 26 21 31 3  20 13
14 50 42 2  22 36 51 23 13 27 14 17 37 18 8  24 16
24 27 23 6  7  1  20 30 16 9  11 27 17 19 48 52 16
51 12 24 21 33 8  38 45 42 22 43 34 30 37 33 25 1
53 2  38 24 40 16 20 6  11 42 30 24 16 19 31 48 48
2  30 31 52 5  7  46 20 23 36 30 54 42 13 29 6  44
8  52 22 46 25 55 2  1  7  56 20 26 24 16 49 57 50
33 42 30 11 14 4  36 24 53 2  12 13 30 58 46 23 59
19 16 24 7  21 34 8  30 14 20 3  49 12 4  45 26 5
24 25 32 8  46 1  30 60 11 19 3  42 13 21 25 14 17
35 49 2  24 30 24 51 52 45 61 28 47 1  12 6  45 30
26 37 56 41 27 11 21 7  19 25 20 48 36 26 42 21 54
2  53 40 62 28 38 22 7  1  31 53 29 26 20 8  9  5
11 42 3  19 42 2  17 22 37 24 7  43 33 6  20 15 30
54 39 7  40 6  38 21 1  40 16 63 58 20 26 63 11 49
21 19 45 5  31 58 53 59 13 25 27 14 56 9  48 3  63

output_sub_directory=Jarlve b9
1  2  3  4  5  6  7  8  9  10 11 12 13 14 15 8  16
17 9  18 19 20 21 10 22 23 24 25 26 27 28 1  29 30
31 32 3  33 34 18 35 36 37 13 38 20 14 39 40 6  41
42 8  43 27 9  34 44 13 9  10 45 36 3  12 13 15 46
20 35 47 24 48 7  16 29 49 10 11 8  50 23 29 34 51
43 23 52 44 9  53 52 27 30 13 39 54 8  32 28 31 11
43 7  55 27 11 44 7  19 1  5  42 13 56 3  57 22 31
27 8  58 59 52 55 33 49 15 32 60 56 61 33 1  9  13
4  26 51 50 8  18 6  3  35 9  7  20 10 24 8  53 29
60 19 22 12 55 36 46 27 9  29 41 43 16 11 56 7  1
7  30 7  57 18 3  27 55 42 32 49 24 57 17 18 2  19
31 1  62 20 30 32 33 10 55 25 49 3  18 13 44 8  20
9  15 34 50 27 28 6  13 10 1  3  27 36 48 35 54 11
62 43 1  47 8  53 25 22 18 10 18 12 5  9  16 44 50
51 3  10 52 46 13 60 7  34 27 18 56 20 30 21 15 35
28 63 1  8  6  36 11 62 7  9  13 10 3  44 61 27 15
45 8  9  39 19 47 42 35 53 58 49 1  52 43 12 4  3
13 38 25 11 14 16 8  44 9  32 33 61 7  1  13 21 8
17 3  51 22 15 45 19 27 57 9  28 52 18 4  58 13 1
35 6  36 3  8  50 40 20 24 55 52 24 1  3  43 62 46

output_sub_directory=Jarlve b10
1  2  3  4  5  6  7  8  9  2  10 11 12 13 14 15 8
16 17 18 19 20 21 22 23 10 24 14 25 19 1  26 27 28
29 15 30 12 31 32 33 22 2  34 24 21 14 35 22 36 2
37 4  8  18 26 18 23 38 6  39 1  7  40 13 9  41 42
43 15 19 44 24 31 22 35 45 20 1  34 46 17 2  14 5
47 29 4  48 25 31 49 36 50 21 18 51 3  16 40 13 20
4  28 28 7  3  13 34 52 25 6  47 29 12 25 16 21 3
52 48 53 9  20 39 16 36 54 19 53 38 23 4  37 26 13
55 20 31 34 35 39 24 29 40 47 15 21 22 4  13 19 41
45 56 42 57 2  10 24 1  3  13 31 43 46 35 2  58 16
20 7  9  15 1  4  34 14 2  33 13 19 59 20 24 60 37
48 16 7  39 29 39 18 9  61 4  14 53 2  13 26 62 21
7  42 23 20 29 4  12 31 35 13 43 20 9  59 8  15 32
19 22 10 21 4  27 12 36 34 62 17 6  34 44 47 37 24
54 31 7  2  14 13 38 9  34 19 17 20 15 8  30 7  28
29 24 23 60 18 2  21 19 40 56 54 26 9  15 4  24 14
10 31 27 29 1  4  37 26 13 20 4  4  7  43 5  3  44
16 21 51 62 17 37 2  49 29 53 28 23 56 16 46 32 5
13 2  38 1  19 24 26 42 7  34 40 9  31 25 43 20 15
55 38 57 35 31 46 31 2  2  22 50 21 38 8  60 59 34