1   2   3   4   5   6   7   8   9   10  11  12  13  14  15  16  17  18  19  20  21  3   10  22  3   23  24  25  26  27  28  29  6   30  31  32  33  34  35  36
37  38  39  40  41  42  43  44  45  39  26  46  35  47  48  49  36  50  14  51  52  53  54  55  56  57  58  42  59  60  61  62  63  64  12  36  52  65  19  66
67  68  69  70  7   71  3   72  73  74  75  76  77  78  79  71  17  80  81  82  26  83  84  85  86  87  88  10  62  89  70  90  62  91  92  29  93  94  91  95
96  97  50  98  99  100 64  72  101 84  102 103 37  104 61  105 106 107 108 109 110 96  107 93  91  111 70  63  112 52  113 114 115 116 117 118 119 120 66  121
122 110 51  64  123 27  124 125 92  42  126 127 70  128 129 24  130 131 132 133 134 34  74  135 127 116 22  109 13  7   136 137 138 139 140 99  141 84  2   62
40  142 68  143 54  52  144 145 79  146 147 23  148 7   36  149 150 21  70  151 152 153 99  28  154 155 120 156 86  106 157 158 84  111 61  3   159 93  19  160
161 162 91  163 164 165 166 81  49  88  167 50  153 168 169 170 139 118 153 63  171 61  116 44  172 19  173 174 47  109 45  175 56  109 176 75  177 178 66  36
179 92  180 161 40  36  58  134 181 50  158 182 180 183 163 9   184 185 186 127 106 45  127 13  187 91  188 189 177 79  152 184 190 45  125 160 174 191 192 187
78  13  76  193 162 194 50  40  183 195 59  91  43  54  196 136 197 173 140 136 198 199 2   200 196 3   201 61  180 104 202 61  183 174 191 10  148 183 203 77
137 56  23  174 204 205 27  206 206 40  207 44  208 131 171 179 174 125 209 17  210 211 40  212 194 127 213 214 51  17  215 58  50  98  70  165 216 76  217 61
3   218 219 61  220 26  221 116 109 222 223 88  70  92  224 27  225 34  173 226 27  227 228 206 186 44  81  229 230 2   54  37  231 61  100 232 112 134 63  68
224 22  2   233 234 154 101 235 117 236 63  96  237 180 23  161 79  238 239 61  3   20  10  224 75  139 240 241 42  242 62  27  243 27  244 244 147 77  224 72
245 19  204 189 54  246 24  147 109 164 247 248 52  202 17  38  106 27  249 250 68  39  84  44  47  135 251 75  36  141 246 171 252 45  180 35  23  7   119 136
32  1   101 217 42  8   253 155 141 254 37  255 61  194 256 1   94  153 257 45  127 258 259 260 118 121 71  261 262 171 263 264 265 57  58  266 267 23  148 214
139 142 232 72  102 16  47  122 229 180 268 269 242 37  6   16  270 203 107 52  92  70  96  19  73  16  183 42  271 19  272 273 10  79  274 275 202 276 44  64
277 168 278 279 26  280 136 37  281 17  36  56  136 79  275 167 56  9   56  282 36  204 158 118 283 284 163 61  285 125 111 84  25  61  139 286 147 287 125 288
70  289 72  119 233 77  42  75  51  36  45  290 26  62  195 145 291 15  10  92  27  217 292 293 143 125 79  198 91  111 276 26  294 47  33  86  43  140 228 27
35  279 136 52  292 191 116 295 57  296 70  25  297 70  298 299 34  130 17  238 93  59  300 51  84  111 13  230 10  77  84  244 301 86  88  192 33  88  34  153
302 91  303 23  275 100 44  75  304 305 168 17  2   47  36  306 64  139 152 38  40  294 197 101 162 70  3   307 308 24  79  292 125 185 152 229 173 93  309 3
84  310 311 109 312 75  113 28  171 84  215 91  163 293 246 313 191 38  145 174 306 202 131 314 34  23  153 128 315 316 150 160 275 246 77  314 7   53  153 317
214 18  86  10  141 125 46  172 293 227 47  318 40  116 139 298 117 33  3   61  62  319 202 61  205 103 52  320 2   88  321 2   168 247 322 40  160 195 78  92
36  9   40  238 239 271 323 9   72  89  191 206 47  242 50  258 279 145 102 154 206 324 81  325 10  165 35  326 238 327 140 44  328 329 36  9   71  52  127 220
34  328 9   160 107 330 179 120 331 145 3   238 23  166 332 50  9   103 75  92  24  269 109 84  127 333 262 136 161 1   19  141 152 334 136 180 73  335 27  9
324 61  6   336 180 272 254 23  84  174 337 194 70  338 339 81  246 38  91  264 278 26  169 3   340 105 94  19  180 302 204 122 36  264 341 91  148 293 342 127
40  116 77  343 319 293 94  177 164 62  78  225 344 317 27  345 167 331 139 42  10  141 262 346 86  46  222 1   180 347 147 111 192 33  348 312 71  349 51  262