1   2   3   4   5   6   7   8   9   10  11  12  13  14  15  16  17  18  19  20  21  22  23  24  25  20  26  9   27  28  29  30  31  32  33  15  34  35  36  37
34  38  32  39  40  41  14  42  43  44  45  46  47  48  49  29  50  51  52  53  54  28  55  11  56  44  57  21  58  59  60  61  62  19  63  36  64  65  66  67
68  69  70  28  71  72  73  74  75  76  77  5   78  45  35  79  9   72  80  81  82  83  84  53  85  86  87  88  89  72  90  2   91  92  57  52  68  70  34  53
76  12  93  60  94  95  96  51  97  64  74  98  37  99  27  100 101 102 103 104 105 7   67  43  44  57  106 107 15  108 109 110 111 51  19  112 113 114 115 116
117 118 2   72  119 47  58  49  64  120 70  121 122 123 124 125 65  126 127 11  128 129 130 22  11  131 132 89  112 133 134 135 15  136 7   137 138 75  45  139
2   45  72  140 141 89  142 118 143 91  144 145 35  146 9   36  147 2   148 149 24  53  150 72  151 152 153 148 154 84  155 57  156 157 53  25  82  132 158 159
71  60  112 41  160 97  161 81  127 95  162 15  74  38  115 163 126 164 27  165 45  35  38  166 95  167 20  168 45  169 152 170 171 126 75  138 172 173 102 149
174 45  45  27  28  68  175 176 73  64  58  99  28  29  177 9   178 95  179 63  180 57  181 124 156 182 183 184 100 146 26  183 8   185 95  186 187 89  98  167
15  188 189 71  81  190 191 65  192 119 107 113 154 193 79  76  194 181 146 60  195 41  2   143 133 196 191 197 10  8   198 183 199 200 201 107 156 202 193 8
203 28  71  159 204 205 182 206 207 26  208 18  154 5   209 7   210 106 211 212 20  58  138 83  213 11  214 215 41  109 9   45  148 216 217 44  91  179 196 218
219 49  167 220 221 146 120 10  222 223 217 44  57  66  168 195 214 224 70  225 65  40  134 154 226 227 110 23  44  35  228 229 129 230 58  231 65  232 139 233
234 204 235 236 112 70  51  161 237 55  45  238 11  74  239 95  186 240 17  200 161 26  74  67  231 217 37  8   5   172 241 119 242 151 154 7   177 163 243 244
245 71  172 111 91  246 161 61  219 9   226 129 247 91  248 45  74  23  249 20  138 167 71  250 182 124 251 126 96  252 92  35  38  253 111 5   155 115 103 151
3   151 247 231 254 255 64  122 98  50  26  97  60  145 33  256 231 101 5   257 258 103 45  71  245 25  259 17  19  260 72  140 261 154 35  18  167 68  262 163
177 101 193 263 230 93  140 242 36  264 42  97  265 217 151 10  214 223 22  231 266 38  50  31  95  267 268 20  36  200 240 62  172 269 32  196 15  270 41  60
271 272 11  273 195 179 274 275 230 215 237 263 258 217 276 277 44  91