1 2 3 4 5 6 7 8 9 10 11 12 13 14 15 16 17 5 18 19 20 21 19 22 23 24 25 26 27 28 29 30 31 32 33 34 10 35 36 37
38 39 40 41 42 43 16 44 45 46 47 48 49 10 50 51 52 53 54 55 22 56 24 57 58 59 60 61 62 34 63 64 42 65 66 50 67 68 69 70
71 46 55 72 73 74 75 30 76 77 78 79 55 3 80 81 82 14 83 84 85 3 86 87 88 89 90 91 92 41 93 94 70 95 77 96 43 44 97 49
98 17 78 63 99 69 100 101 102 103 72 104 105 106 107 108 109 110 73 92 90 84 33 111 112 24 113 6 114 115 70 109 116 117 60 118 119 120 121 92
16 99 122 83 82 123 34 44 122 124 30 125 64 126 127 128 129 130 71 131 58 132 128 93 133 33 71 77 134 135 136 88 122 31 137 60 138 139 104 140
122 63 101 141 103 142 75 143 144 33 145 146 147 55 148 149 30 150 143 151 103 152 145 41 153 106 43 154 155 156 157 158 44 159 160 52 136 83 99 161
108 162 35 60 31 112 163 164 165 44 34 166 167 13 114 168 143 138 21 93 155 48 10 14 3 169 170 171 16 110 53 146 172 69 153 173 14 63 174 86
113 175 176 177 178 35 60 179 180 181 69 121 182 183 184 14 1 185 104 186 187 71 188 140 189 28 92 39 144 37 145 178 190 191 192 193 194 162 24 153
46 195 31 196 197 21 10 174 112 143 198 199 7 109 111 10 200 201 101 199 40 5 129 28 65 202 182 83 203 204 78 156 187 109 31 205 5 177 81 171
206 207 55 138 147 85 111 208 69 79 40 209 63 210 33 115 29 211 65 212 155 206 132 7 109 213 119 214 50 215 216 143 155 178 217 51 69 218 139 9
219 10 107 55 220 132 33 221 97 217 70 170 195 63 222 210 24 223 121 196 224 187 136 225 169 135 194 226 90 103 227 33 228 3 229 230 136 149 231 163
232 16 99 161 51 86 13 20 233 55 111 234 33 28 24 235 139 236 177 33 237 72 196 238 221 239 169 240 170 196 241 242 55 100 73 243 135 109 63 126
164 244 161 63 245 246 93 247 134 248 60 80 103 75 66 40 142 99 119 192 24 220 249 250 251 252 152 161 115 221 253 254 81 255 256 113 178 110 87 33
111 75 153 82 115 63 196 257 139 258 113 259 63 101 187 115 190 260 145 75 188 58 146 261 9 108 262 188 263 254 103 264 2 70 265 266 65 267 166 196
268 66 269 113 106 136 83 270 216 17 10 271 267 193 204 60 99 272 169 83 235 128 273 196 274 68 104 275 44 99 180 12 16 29 276 164 277 188 31 39
278 14 145 55 109 166 58 196 110 239 169 27 279 53 280 92 161 128 229 174 281 146 129 155 157 282 283 178 31 158 30 63 97 168 93 142 284 237 285 151
33 48 104 43 74 69 274 169 174 286 169 166 137 69 143 164 46 169 287 288 196 272 136 70 259 180 82 55 110 216 289 290 27 28 231 184 142 63 291 292
105 140 281 58 101 10 147 293 41 55 34 287 130 43 20 99 16 91 265 74 122 150 294 78 242 16 295 230 139 48 126 35 296 34 173 297 165 8 61 22
63 36 298 299 86 185 39 67 55 267 239 16 228 161 16 205 146 75 103 31 6 300 47 81 91 30 165 149 220 143 195 301 247 138 157 302 70 247 51 206
83 3 168 230 58 115 107 157 132 61 44 111 295 169 104 153 172 230 60 298 299 303 50 304 305 306 307 50 143 17 196 205 308 185 11 140 65 4 67 309
30 63 181 310 311 58 132 109 312 196 70 101 142 313 164 314 315 316 55 317 267 60 318 294 34 182 319 143 14 103 258 176 42 199 110 44 250 162 320 321
146 142 258 146 311 89 161 279 263 94 20 129 55 322 82 128 215 46 41 323 295 152 316 103 53 324 80 185 267 296 16 177 272 44 34 325 10 99 326 135
14 210 44 99 227 230 55 267 50 40 177 69 103 174 326 285 20 327 164 143 328 329 77 53 63 67 60 306 66 30 34 330 33 99 331 16 17 5 270 33
117 332 55 121 161 42 126 333 78 43 334 169 93 204 161 156 137 104 28 93 117 108 194 54 256 250 94 284 192 43 35 247 63 335 308 185 69 336 81 268
3 10 177 69 33 31 168 26 178 76 55 337 75 153 338 136 70 140 5 113 339 60 110 340 30 158 341 161 63 27 59 38 104 342 39 87 13 142 165 24