1 2 3 4 5 6 7 8 9 10 11 12 13 14 15 16 17 18 19 20 21 22 23 24 25 26 11 27 28 29 5 30 24 31 2 32 33 12 34 35
36 3 37 38 39 40 41 42 43 44 12 45 46 40 47 48 49 50 25 51 52 53 54 55 56 57 58 12 59 60 61 62 24 63 56 64 65 66 67 10
37 68 69 12 70 71 72 50 49 73 11 74 75 76 77 78 79 30 80 81 82 83 84 24 85 86 12 57 87 2 39 88 89 49 2 3 90 91 92 18
93 94 21 95 5 96 51 29 97 75 98 83 14 99 65 22 100 40 101 102 56 32 103 11 104 105 39 88 106 24 31 99 51 107 97 108 109 67 110 111
70 97 112 50 113 89 52 114 115 116 117 118 27 119 120 58 40 45 121 50 21 122 123 124 6 125 126 18 127 128 110 14 129 130 131 132 133 134 135 55
136 87 27 137 95 67 138 139 140 141 83 142 143 144 145 120 146 147 148 39 5 149 150 151 124 32 112 152 143 105 153 43 18 124 154 83 155 156 5 143
65 149 157 76 158 140 159 160 90 134 161 40 162 162 50 21 163 106 2 150 102 164 165 166 167 58 168 88 89 11 169 170 171 172 127 173 174 79 175 141
83 80 27 60 176 87 24 104 60 177 178 179 10 65 180 45 181 118 182 150 49 183 5 129 184 155 177 185 30 86 12 186 187 83 188 105 189 50 145 12
190 191 192 193 194 174 23 24 195 196 50 21 108 197 42 198 199 194 200 201 32 79 103 202 21 14 203 160 12 204 32 9 205 11 4 44 25 199 55 101
206 124 58 54 207 90 208 54 148 209 8 210 42 211 212 12 213 42 95 90 214 21 215 216 217 104 37 97 87 218 87 219 60 5 6 220 221 222 8 207
196 113 73 82 159 3 89 5 223 224 225 168 226 227 219 194 228 229 79 116 230 2 145 231 34 232 233 79 27 234 153 235 20 6 120 99 90 76 30 8
9 236 237 34 37 238 44 239 172 240 241 242 18 22 243 124 229 87 39 156 138 244 24 28 182 55 207 245 24 227 246 247 248 49 249 69 250 251 252 49
215 25 253 156 122 254 2 95 255 256 150 108 242 95 129 231 256 257 55 250 27 180 258 259 250 260 134 261 242 262 207 263 97 101 264 120 200 73 34 265
58 177 207 8 27 16 176 266 118 267 6 183 268 6 37 180 134 229 24 39 4 138 237 269 54 67 39 219 29 14 270 32 271 2 83 272 124 271 79 273
242 95 32 274 74 275 185 34 250 27 172 276 251 55 105 21 277 118 134 255 24 45 278 44 22 158 24 267 279 3 225 280 173 159 120 226 242 210 169 76
281 232 4 152 32 164 282 168 18 11 283 284 285 242 72 233 63 69