1 2 3 4 5 6 7 8 9 10 11 12 13 14 15 16 17 18 19 20 21 14 22 23 24 25 26 27 28 29 30 31 32 33 34 35 9 36 19 37
38 26 39 40 41 42 43 44 45 46 30 47 48 49 50 20 51 52 53 54 55 56 40 6 57 58 49 59 60 61 62 63 63 64 65 66 67 68 69 70
71 49 72 73 9 57 11 49 74 75 27 63 30 76 77 78 28 79 80 81 82 83 25 84 85 86 87 79 10 88 24 89 90 27 91 42 92 93 28 18
94 95 96 97 98 99 100 30 101 102 103 28 104 105 106 39 107 16 108 109 110 111 49 112 113 114 115 19 116 117 28 116 118 119 120 74 106 79 121 122
123 124 79 125 87 79 126 119 115 127 116 128 129 113 130 22 131 95 132 133 134 135 83 136 137 85 138 139 140 141 142 129 143 44 144 145 92 146 79 147
148 83 123 14 89 149 150 101 74 33 151 56 120 152 33 153 154 155 91 156 45 28 157 67 28 116 74 158 18 159 19 102 160 161 162 163 91 118 164 165
30 166 167 79 168 169 95 36 170 171 50 80 9 101 172 30 173 174 40 85 18 175 87 5 176 160 177 178 83 101 179 23 24 74 180 181 87 182 183 184
26 30 185 186 187 188 189 89 190 49 191 100 192 193 77 106 92 194 83 50 27 195 1 152 79 14 26 82 49 7 74 134 36 154 196 197 190 198 199 106
200 13 201 202 85 203 154 204 28 205 206 27 76 26 10 51 14 48 28 50 200 189 11 203 207 134 10 208 44 181 46 36 28 202 190 97 76 203 29 144
36 209 164 195 207 195 93 195 66 137 195 210 150 211 89 84 195 212 155 213 183 115 214 81 173 215 101 196 39 74 216 217 53 130 51 61 218 219 220 39
203 4 201 221 71 222 223 224 74 174 225 208 60 226 9 209 111 123 40 154 144 28 84 69 227 187 172 195 228 229 50 230 97 231 195 191 65 232 101 172
28 233 234 26 123 9 185 235 236 154 27 237 27 154 102 238 12 19 116 239 83 118 126 24 103 43 240 241 134 60 185 195 111 242 203 74 50 187 63 136
28 169 243 28 191 45 202 42 89 123 69 244 2 92 222 218 101 6 70 85 36 245 142 246 106 203 190 119 247 9 126 65 203 248 249 87 75 205 150 154
250 64 95 104 251 39 140 252 171 31 117 19 133 76 83 49 253 254 58 255 64 43 33 256 257 14 215 18 46 195 31 61 258 161 179 176 125 259 260 261
61 262 109 118 85 10 140 263 264 144 211 26 49 111 8 120 74 265 146 206 156 161 152 33 111 266 69 14 46 98 95 106 123 190 98 267 89 268 39 190
269 189 249 123 270 137 271 14 28 204 214 130 264 198 23 9 207 187 116 63 272 69 184 53 189 101 82 49 93 43 33 140 53 112 91 69 30 136 268 28
273 20 218 185 124 30 274 275 49 111 30 89 227 83 62 165 236 89 276 217 190 79 277 278 264 21 279 122 212 182 69 76 181 280 141 213 106 8 155 18
281 282 87 7 13 96 236 71 60 156 134 185 146 283 71 81 25 44 135 2 284 264 285 248 83 191 6 209 55 211 76 286 33 122 195 104 208 127 172 85
21 287 101 288 189 89 289 112 140 36 158 98 69 43 203 18 159 290 13 291 65 60 185 292 236 124 205 293 28 14