1   2   3   4   5   6   7   8   9   10  11  12  13  14  15  16  17  18  19  20  21  22  7   23  24  25  26  27  28  29  30  5   17  31  32  33  34  35  36  37
38  39  40  41  42  43  44  45  46  47  48  49  50  51  52  53  54  55  56  57  58  59  7   30  60  61  19  62  63  8   64  65  66  67  68  51  52  69  2   17
65  70  71  72  4   16  73  74  75  76  77  78  59  79  80  81  29  82  83  84  85  65  86  87  88  89  90  91  19  89  92  43  93  94  95  49  96  97  8   5
98  99  26  100 101 102 103 65  104 31  19  105 106 107 21  14  108 96  109 110 111 112 13  36  113 114 115 116 117 40  65  118 26  11  119 46  120 48  121 13
122 123 87  74  124 52  45  125 82  29  126 127 18  128 93  129 13  40  70  130 60  131 42  132 133 134 135 136 137 138 132 116 139 140 116 63  141 58  42  17
142 143 79  144 109 140 13  145 28  132 80  146 147 53  148 54  149 63  150 151 18  152 153 58  69  2   74  154 46  155 29  156 95  157 9   40  158 139 159 160
161 57  62  162 144 97  163 164 52  165 7   14  166 125 25  167 168 169 170 171 157 42  12  65  134 109 94  54  47  95  123 62  43  172 173 70  174 65  175 105
125 176 177 9   178 179 173 46  23  8   180 46  78  181 87  182 116 47  183 33  45  184 185 47  186 187 113 139 94  188 189 149 190 191 192 79  19  7   193 179
194 195 30  196 197 198 136 40  72  199 200 201 65  202 93  203 101 204 7   205 206 113 120 20  207 208 62  209 210 211 104 142 212 213 214 62  215 143 103 26
70  216 217 218 219 220 40  221 151 1   203 113 101 117 114 222 105 223 1   60  201 46  120 224 225 157 83  57  226 227 80  109 228 225 229 13  131 230 87  163
210 201 13  145 231 123 64  65  86  101 232 233 224 120 205 85  46  163 155 5   96  47  190 190 234 235 116 236 237 92  19  203 238 72  161 149 214 170 239 240
101 215 150 241 13  23  242 243 244 131 132 147 245 246 247 21  204 38  129 65  248 87  96  34  249 221 14  169 7   143 97  141 91  45  26  250 251 16  58  252
13  194 15  168 96  253 57  73  19  101 205 1   254 2   123 168 52  236 169 46  255 237 117 256 46  163 23  257 258 186 259 260 192 169 261 197 33  51  68  101
262 7   247 243 31  263 264 231 231 265 55  8   266 160 267 13  268 260 149 269 109 74  60  61  239 270 81  271 272 24  207 117 73  38  39  153 273 274 85  101
275 21  32  257 276 277 163 278 79  80  279 8   280 38  108 281 197 65  282 205 248 283 284 218 285 286 133 287 227 62  10  288 289 177 238 48  261 266 290 196
291 31  292 2   138 91  155 150 293 294 295 73  296 134 211 297 25  105 76  141 105 298 26  261 299 300 80  225 301 40  302 237 109 158 177 120 286 38  92  38
256 7   303 210 92  304 144 285 48  24  260 8   245 87  74  212 127 295 109 305 92  199 87  176 35  52  73  33  287 225 28  284 59  46  270 127 18  208 306 149
43  58  173 28  10  201 9   87  261 258 307 292 143 249 54  139 140 116 152 110 61  262 21  230 38  28  47  148 28  46  9   308 309 46  310 29  203 46  311 10
48  256 204 21  22  98  65  293 247 101 164 292 126 109 136 21  273 205 7   143 312 16  17  101 58  32  313 26  47  314 101 294 315 144 120 299 38  65  136 69
2   110 14  123 221 316 317 318 203 20  65  93  114 218 117 200 319 320 160 236 46  109 58  247 13  66  46  270 284 46  114 206 46  157 210 181 116 72  85  243
262 129 160 195 46  121 54  321 8   173 322 92  258 15  17  277 7   138 29  97  95  90  196 227 75  61  294 2   309 123 171 323 77  190 63  8   203 116 324 47
95  164 1   109 100 70  203 153 325 326 327 65  72  243 113 99  44  132 92  327 127 1   251 21  177 328 144 156 218 205 21  22  65  268 149 11  156 79  221 196
231 218 85  16  131 329 144 38  330 153 273 20  331 229 332 333 54  334 101 335 109 163 336 155 144 153 273 152 12  65  61  302 33  315 199 16  176 120 337 109
323 234 142 271 79  316 264 61  338 153 300 212 210 169 309 123 13  339 46  233 73  109 340 15  171 313 29  341 75  342 8   316 109 115 7   132 212 343 53  344
8   173 107 250 345 153 346 4   347 156 284 131 348 13  139 260 349 120 350 181 351 352 260 44  26  42  353 28  285 139 114 354 91  24  252 265 225 90  211 117