1   2   3   4   5   6   7   8   9   10  11  12  13  14  15  16  17  18  19  20  21  22  23  24  25  26  27  28  29  30  31  32  33  34  35  36  37  38  39  40
41  42  43  44  31  45  46  47  48  12  49  50  51  52  53  54  55  56  57  58  59  39  60  61  25  62  29  28  63  1   64  65  66  67  26  68  52  69  70  71
72  73  74  69  67  69  72  75  76  77  78  79  80  65  66  60  81  73  82  83  76  84  85  56  30  73  79  86  87  88  89  90  51  20  91  92  93  79  94  95
96  97  92  98  99  69  100 25  101 78  92  102 103 78  55  18  104 105 50  59  106 46  107 108 109 110 24  111 112 92  76  113 114 115 116 117 89  118 98  119
69  32  78  44  120 91  121 122 123 38  46  124 125 126 79  127 61  128 129 123 130 131 72  132 133 37  63  134 135 89  49  136 115 74  98  11  30  65  137 138
139 56  51  140 111 141 142 143 144 18  145 146 50  147 70  115 148 149 46  150 151 152 76  20  153 154 155 156 157 158 98  159 160 51  161 162 163 29  164 60
43  165 166 109 167 24  168 48  38  89  28  169 170 171 131 172 30  115 37  25  48  173 174 51  29  61  92  156 175 144 176 46  76  79  144 176 137 28  177 145
123 38  121 178 9   179 6   26  14  144 30  133 121 126 180 181 11  182 183 90  175 20  184 144 65  185 186 81  61  187 188 189 69  75  123 190 191 92  93  121
192 98  193 194 116 195 149 181 144 66  157 196 197 115 153 59  37  14  173 48  111 198 43  117 170 199 200 185 28  201 192 174 124 121 145 65  125 199 200 185
60  151 154 174 81  3   34  170 202 203 204 30  131 205 52  133 79  206 207 208 111 209 43  58  191 210 166 94  211 34  209 129 212 213 51  214 109 215 216 12
217 183 58  50  52  218 46  56  219 220 221 60  209 89  222 109 147 223 224 144 136 92  93  225 56  209 43  122 1   215 65  167 226 210 123 50  206 127 227 107
124 94  171 1   228 123 229 121 230 125 159 231 232 233 234 235 236 237 238 239 6   24  213 16  240 216 111 17  239 241 206 188 104 242 243 1   59  136 9   244
46  87  14  245 15  52  182 194 87  211 127 157 79  234 224 61  109 246 203 86  247 180 164 191 160 248 218 134 249 23  43  250 251 50  16  20  252 156 253 39
140 1   197 17  30  65  254 183 188 144 255 115 256 185 257 258 89  236 65  63  19  259 20  50  104 183 182 29  260 261 113 165 104 43  118 262 263 79  123 203
134 14  253 264 241 18  265 203 204 58  211 39  159 79  151 266 135 181 267 165 61  268 144 12  269 72  270 65  271 31  144 117 272 20  273 214 118 52  176 79
123 117 165 232 274 99  134 38  25  275 176 276 14  277 97  278 279 210 280 31  62  37  13  281 184 211 282 283 13  284 46  78  252 204 19  118 144 65  12  285
161 176 87  168 278 39  286 188 240 109 287 144 131 284 54  159 121 30  65  188 174 221 111 178 197 285 30  89  91  30  1   142 288 211 131 126 79  59  106 142
143 236 136 123 91  106 54  21  289 243 290 20  60  121 212 94  138 73  118 291 51  292 146 12  24  293 231 265 97  294 44  123 295 52  213 184 144 46  240 18
71  182 143 52  9   82  66  69  296 9   102 156 134 297 298 51  115 299 66  300 94  21  64  29  123 258 115 21  296 12  