11 51 20 1  43 12 9  13 52 14 54 35 44 44 44 48 6
55 24 31 2  21 15 47 3  43 24 50 59 33 22 44 7  50
45 10 62 46 48 35 8  11 4  30 31 18 16 49 12 54 14
51 55 55 25 14 16 52 26 44 20 43 58 37 38 62 16 55
5  16 21 50 63 53 39 16 3  2  6  35 44 40 27 62 43
55 3  15 41 39 36 11 54 38 40 28 26 27 62 48 12 28
23 4  49 33 34 46 41 38 47 5  63 22 32 35 13 51 26
1  52 50 19 46 48 53 9  15 37 32 11 57 11 27 44 60
54 24 60 28 55 62 20 29 55 49 3  34 45 50 61 62 22
62 51 22 37 34 12 38 26 52 35 39 35 30 54 54 4  5
1  14 27 48 15 51 18 3  49 52 46 31 47 40 16 29 3
10 33 30 63 43 4  23 54 34 20 37 41 50 60 12 21 28
5  56 44 23 9  39 31 57 19 21 10 13 45 38 35 24 13
9  14 62 46 32 29 16 12 26 37 62 20 11 1  40 7  34
17 34 5  25 3  27 30 23 37 16 42 12 44 31 54 49 29
28 13 4  5  51 43 55 58 1  38 52 44 14 55 36 49 35
2  32 3  4  24 45 26 21 48 30 25 46 47 23 52 45 24
32 55 43 45 25 18 62 34 31 27 15 11 37 12 19 13 38
62 14 41 28 41 54 29 40 15 11 18 35 5  41 23 46 44
12 32 34 41 34 30 62 40 1  36 13 24 43 22 2  13 48