5  62 26 40 27 41 28 36 49 25 53 1  47 60 48 23 29
13 47 42 14 20 61 37 7  35 60 9  43 26 18 50 15 2
62 53 32 33 35 9  63 40 3  21 41 63 17 4  49 19 38
27 63 42 52 51 61 1  6  27 29 13 50 43 51 26 57 53
52 40 50 21 47 39 14 36 27 5  58 15 56 53 16 11 59
24 32 28 2  57 41 61 50 17 37 40 43 54 59 25 22 13
55 14 3  12 34 61 56 35 4  53 43 54 55 15 58 10 16
17 29 34 23 47 11 38 13 2  51 14 33 26 18 32 2  3
56 27 28 39 15 4  62 5  41 28 30 29 42 31 53 54 62
36 60 56 12 56 44 21 9  53 56 16 55 39 17 10 38 28
24 24 9  12 1  23 39 61 47 52 49 37 28 13 54 53 37
14 15 38 43 16 17 30 15 40 2  14 23 45 29 48 39 15
24 15 34 43 20 58 34 8  17 16 6  54 51 51 40 14 21
15 3  33 16 9  62 47 4  20 17 26 7  27 13 46 55 13
43 8  22 10 52 32 38 5  56 49 6  22 37 11 1  53 2
58 23 38 31 28 54 24 33 5  29 62 15 40 40 53 16 35
22 48 26 17 56 53 2  18 42 13 57 21 50 39 34 58 27
57 63 12 14 43 56 55 5  32 22 33 41 60 15 56 23 41
56 16 54 55 54 28 59 63 57 47 15 13 62 14 32 47 33
45 51 53 57 1  54 1  61 45 54 15 20