53 20 49 13 24 43 1  31 61 21 55 14 15 50 33 16 17
26 44 13 27 44 45 51 14 39 52 18 2  28 23 9  30 15
3  34 10 17 5  11 20 43 58 40 49 63 17 12 52 62 41
13 29 4  1  63 54 16 56 9  6  2  42 39 40 55 53 7
5  46 55 17 61 60 37 8  23 7  25 56 26 6  27 22 10
22 28 45 58 38 24 51 16 17 5  25 19 57 13 46 41 43
42 15 56 15 11 58 56 57 3  44 39 51 16 17 49 49 21
18 20 59 21 19 22 54 13 35 36 22 55 46 57 22 12 9
46 28 43 25 57 55 44 14 3  61 12 29 15 34 37 27 1
11 38 8  45 51 15 53 22 35 60 40 2  7  53 12 17 19
41 9  46 23 57 36 43 20 3  48 13 33 14 10 53 34 55
4  11 44 2  45 46 15 24 2  37 16 11 3  9  43 54 44
23 28 17 52 49 42 48 50 16 38 4  57 2  51 29 61 54
39 26 37 52 32 45 2  10 14 61 15 45 47 39 22 41 31
60 14 15 55 21 6  54 3  56 36 53 42 23 11 57 48 12
27 9  35 13 10 34 25 24 43 22 35 23 36 4  14 15 20
24 28 63 25 54 33 26 49 25 53 16 1  39 50 35 17 55
61 11 40 13 14 15 14 56 44 41 63 57 26 54 45 42 5
2  17 13 25 55 56 24 3  51 52 57 25 46 21 43 38 55
57 11 44 39 62 40 4  22 23 14 19 53 8  34 57 56 35