28 20 16 31 12 1  13 21 39 14 3  32 3  24 4  8  57
31 1  18 2  25 22 13 45 47 17 12 49 13 43 9  56 29
50 40 47 14 36 6  33 51 15 10 52 34 15 63 33 14 32
14 41 60 15 39 58 6  49 11 39 12 5  8  40 13 50 14
3  6  4  63 48 57 4  26 36 54 12 51 27 2  52 41 23
16 12 55 31 37 58 49 24 56 50 38 32 26 16 42 35 48
61 9  4  16 31 39 26 63 10 34 46 17 40 27 24 62 53
41 36 18 11 3  62 8  25 20 54 38 55 43 42 26 16 56
53 39 60 45 51 40 1  50 17 54 56 13 48 18 21 49 57
54 53 19 61 36 4  12 3  35 54 50 12 23 32 45 62 5
12 33 18 60 23 41 13 14 51 63 4  36 3  61 22 31 15
27 58 55 2  46 3  21 4  12 24 32 60 22 16 8  31 1
24 56 52 30 6  42 7  1  10 3  51 61 38 32 2  1  53
23 39 47 59 48 29 12 5  19 30 27 14 50 54 2  18 55
62 31 15 12 60 11 13 3  25 7  14 15 24 51 56 52 21
55 54 21 55 17 45 61 8  49 46 60 63 35 47 9  56 35
12 22 4  24 13 40 14 41 1  36 2  26 34 27 4  43 42
21 50 53 10 12 37 51 47 6  45 17 38 39 52 59 12 35
49 13 4  24 42 41 19 33 11 7  61 14 15 25 20 39 50
26 1  18 27 12 29 49 34 54 41 17 44 40 21 32 60 36