5  63 26 40 27 41 28 36 49 22 53 1  47 60 48 23 27
13 47 42 14 20 61 37 7  34 60 9  43 27 18 50 15 2
62 55 32 33 16 35 10 40 1  21 41 16 4  52 19 38 27
42 52 49 1  6  29 27 13 49 43 51 26 57 55 52 40 49
20 48 39 14 38 27 5  58 16 54 53 16 11 59 25 32 28
2  57 41 60 52 17 37 12 43 54 59 25 25 13 55 14 3
9  34 61 56 35 4  53 40 54 54 15 58 10 16 17 29 34
23 47 11 38 13 1  51 14 33 26 18 32 2  4  56 27 28
48 39 15 4  62 6  41 26 30 26 42 31 55 54 62 36 60
55 12 56 44 21 9  53 54 16 55 37 17 9  38 27 24 25
11 12 1  22 39 61 47 52 49 36 28 13 55 53 37 14 15
38 43 17 5  30 13 40 2  14 23 45 29 48 39 15 24 16
35 41 20 57 34 8  17 6  54 50 51 40 14 21 15 3  33
16 9  62 47 3  20 17 26 7  27 13 46 55 16 43 8  25
10 52 32 36 5  56 49 6  24 37 11 1  53 1  58 23 38
30 28 54 24 33 5  29 63 15 40 40 55 6  17 35 25 48
26 17 56 53 3  18 42 13 57 50 39 34 58 27 57 12 14
40 56 55 5  32 22 32 43 61 15 56 23 41 56 16 54 55
56 28 59 58 47 17 13 62 14 32 48 33 44 51 53 57 4
56 3  61 45 55 15 20 2  6  3  52 6  61 42 16 13 20