1  24 39 29 11 12 57 7  40 36 41 38 29 33 58 27 13
20 21 3  29 35 57 16 45 61 46 42 53 54 17 9  14 51
55 8  47 13 3  36 32 26 50 56 4  1  53 34 20 23 18
39 50 33 54 22 35 52 16 10 55 56 36 21 37 48 21 43
11 11 45 16 53 2  23 5  3  13 27 28 23 62 13 2  9
15 24 29 16 24 13 38 21 63 35 12 13 54 22 13 27 15
61 49 53 56 50 51 11 1  7  56 40 27 62 46 30 58 12
36 29 54 24 52 60 23 57 10 55 6  13 56 48 49 18 14
41 48 61 9  32 45 53 39 15 15 7  2  12 31 30 25 54
20 46 3  37 4  47 7  50 1  21 17 8  62 22 55 44 13
2  48 23 14 63 15 45 18 31 11 3  20 39 54 4  1  2
12 3  26 38 60 13 45 4  14 53 27 51 32 24 15 47 21
36 48 52 54 45 49 10 22 48 40 55 56 42 36 53 29 34
50 8  11 9  12 54 23 4  16 25 42 35 43 16 20 55 39
30 13 1  40 41 5  26 40 12 31 41 7  27 21 15 11 47
22 38 12 10 35 16 38 15 49 14 17 40 29 58 52 49 15
48 4  11 12 13 50 18 9  2  51 41 8  45 1  38 14 38
2  3  46 16 55 15 52 42 61 29 53 17 7  60 39 62 59
30 31 10 18 28 8  40 49 61 58 16 24 4  21 17 25 57
59 16 41 62 54 26 1  27 57 47 6  20 44 55 56 7  59