28 58 23 51 24 30 31 43 54 13 40 32 6  43 47 59 62
18 33 31 25 63 51 38 55 52 16 42 38 43 56 62 11 39
12 5  26 48 62 23 31 54 12 40 63 1  14 62 19 4  41
20 7  61 53 2  38 11 11 6  32 24 51 38 44 12 13 25
14 30 10 11 42 35 26 36 21 12 62 29 23 51 52 12 45
31 12 53 8  11 46 9  32 50 37 8  24 30 11 25 38 35
34 49 43 61 51 55 39 56 58 12 42 34 57 61 52 26 53
38 18 54 62 13 25 22 55 22 37 8  14 7  36 41 21 20
5  28 6  19 7  18 34 16 35 11 3  11 12 13 50 24 14
50 10 42 11 12 1  2  59 43 39 31 57 36 47 48 61 3
57 9  31 56 40 25 37 33 38 6  50 41 55 13 33 1  56
13 26 49 23 10 60 42 30 53 57 62 35 47 54 9  20 7
11 50 51 36 31 6  43 8  24 17 9  39 32 33 42 41 42
17 12 55 37 56 57 43 30 21 38 4  29 54 34 35 13 39
55 52 33 40 47 53 56 3  41 57 61 3  7  62 41 22 2
20 62 54 52 51 14 49 36 55 61 47 19 21 10 37 2  44
48 63 11 38 25 35 20 56 57 49 5  39 22 13 39 24 22
62 36 39 35 52 53 50 63 41 14 42 22 51 58 38 10 3
34 36 1  2  43 31 61 20 6  61 26 47 45 11 27 52 18
8  32 44 49 19 60 19 37 24 21 3  30 2  57 4  14 61