51 7  47 11 37 20 43 44 52 53 5  24 57 62 29 54 48
49 9  21 23 38 25 51 52 1  12 40 23 47 40 53 13 59
31 14 23 15 11 3  15 26 51 45 20 10 22 55 27 20 43
32 43 20 48 44 63 15 48 63 8  51 10 36 60 24 14 18
15 34 49 11 21 26 6  11 7  53 16 50 26 1  27 41 4
35 5  24 17 10 59 59 37 19 13 36 14 21 27 14 9  53
48 12 48 28 1  38 49 39 63 2  40 21 12 30 45 13 46
10 14 50 8  43 7  15 33 14 56 37 55 47 9  54 34 25
51 35 50 38 10 39 40 42 12 52 18 35 33 16 29 27 24
6  53 57 3  13 54 17 51 31 58 29 44 4  29 1  9  52
10 34 35 14 37 25 26 59 5  52 63 20 15 11 13 54 53
13 36 24 21 3  52 53 47 52 33 34 62 14 22 15 30 45
61 3  53 60 35 52 11 46 23 20 21 19 30 15 8  13 43
4  62 14 24 1  23 15 25 41 18 15 12 13 14 1  62 3
4  7  15 53 38 9  36 8  25 3  33 45 56 34 21 21 42
54 35 45 32 40 16 11 17 18 30 23 7  36 51 27 12 13
2  46 52 37 59 14 24 63 38 41 53 26 62 15 21 10 20
39 51 24 55 9  27 21 51 22 42 33 43 11 23 29 52 10
20 21 12 44 22 18 50 35 40 13 3  14 38 23 15 45 11
12 20 53 13 14 19 62 4  21 15 11 45 13 17 57 22 37