53 62 44 20 13 58 22 54 1  55 59 61 56 57 40 14 36
15 16 10 23 50 31 17 60 32 13 21 33 24 31 25 61 22
37 2  32 14 62 26 15 53 3  40 17 63 11 20 46 61 17
50 27 28 51 61 17 52 4  51 62 1  38 18 47 50 42 15
1  23 43 8  54 24 61 1  51 52 48 55 25 33 17 3  62
15 31 61 32 40 19 22 23 40 24 49 50 56 12 4  5  44
54 38 34 13 12 18 33 58 35 54 27 63 57 14 61 1  42
2  37 11 26 34 15 43 35 16 46 51 50 1  4  55 61 37
5  37 42 39 56 1  31 2  34 46 48 63 36 41 42 17 21
30 6  27 57 46 12 11 10 35 24 33 47 44 37 49 19 34
48 61 38 28 33 39 23 35 53 50 54 1  43 4  55 29 30
46 53 9  26 13 36 14 12 15 5  23 57 24 46 59 48 7
37 16 58 25 31 53 54 20 61 1  19 38 17 27 13 55 52
49 62 50 21 2  28 14 17 22 29 3  4  19 40 12 61 19
32 28 16 41 53 17 62 57 53 9  3  23 9  33 61 54 51
34 27 19 28 1  40 39 24 43 29 52 46 36 3  11 31 4
13 51 40 37 26 54 38 18 56 14 5  59 39 53 62 29 39
58 12 62 47 28 53 17 37 54 6  8  25 17 37 9  20 25
50 39 10 51 29 41 39 32 26 55 56 33 42 14 11 12 43
57 1  53 21 18 54 46 38 40 52 41 47 13 51 62 2  48