39 49 24 12 2  50 6  50 37 15 17 32 23 42 45 34 7
20 17 31 30 36 29 7  38 39 50 16 25 22 3  43 17 54
4  18 35 34 16 1  23 46 9  54 48 43 39 45 53 50 8
7  53 51 20 37 16 13 47 13 27 15 32 37 34 36 18 24
42 33 44 31 13 22 9  39 27 3  17 5  50 23 50 21 20
32 24 31 24 42 18 5  31 14 38 24 45 20 9  28 5  33
12 46 39 37 31 31 15 33 20 28 34 10 24 26 33 40 18
10 27 36 24 44 54 24 3  42 50 13 10 13 20 25 4  9
32 12 20 23 30 7  43 13 47 3  5  31 37 7  5  48 9
7  23 37 3  48 42 23 52 46 54 19 43 19 16 40 54 22
15 31 21 23 30 26 52 20 18 46 52 15 39 34 11 43 39
23 12 14 53 17 49 46 16 46 49 30 24 38 27 54 40 54
48 19 53 6  25 52 6  54 18 41 12 37 32 37 34 5  1
14 28 16 41 22 16 46 17 45 52 13 13 11 8  10 10 36
14 22 19 54 30 45 48 3  10 21 8  5  25 37 42 37 11
8  1  25 8  34 45 32 48 42 25 53 50 48 14 41 51 23
15 39 15 24 26 33 1  4  50 27 21 21 2  10 42 24 42
50 48 34 45 36 14 31 31 37 15 54 6  21 19 7  20 19
31 6  21 52 7  11 45 51 14 30 34 35 43 43 10 46 49
3  16 35 51 30 30 37 34 16 49 28 1  37 5  13 42 48
10 10 21 3  48 35 31 18 23 20 43 4  18 31 36 10 49