21 46 1  35 10 33 2  50 11 14 30 26 6  27 39 57 51
23 40 34 15 33 4  10 16 54 4  7  41 52 19 47 61 22
48 42 58 54 13 5  17 18 20 59 28 55 24 8  49 57 53
25 14 14 14 15 10 43 16 44 45 17 46 55 14 54 54 52
55 18 23 47 62 56 23 6  38 9  39 48 38 54 40 49 55
26 31 30 1  51 27 35 6  41 14 35 42 28 31 19 14 30
11 26 34 34 14 12 26 2  56 14 6  62 60 24 16 36 13
3  33 23 20 48 61 58 37 54 27 32 51 6  28 21 25 55
32 62 8  47 6  52 43 57 14 48 61 14 38 44 4  45 16
49 56 40 33 14 6  53 23 26 32 6  54 2  8  41 54 59
27 55 23 22 48 42 57 54 14 21 14 15 19 9  14 1  46
50 14 30 61 52 24 47 17 13 12 18 13 6  25 14 14 10
2  48 7  23 15 16 52 17 8  24 39 23 44 18 10 49 14
12 40 35 27 40 36 9  25 42 44 45 17 10 56 42 33 3
54 39 4  37 14 53 23 14 16 10 11 17 10 46 18 13 31
14 2  20 32 15 55 54 58 7  16 57 54 17 47 16 14 23
48 18 50 38 41 23 16 43 43 18 49 51 60 6  54 24 21
14 17 18 38 56 1  6  14 52 2  57 7  14 56 25 17 35
3  6  54 16 14 38 1  56 17 29 54 32 1  45 18 37 41
53 33 26 56 23 47 14 10 54 2  9  39 52 3  57 6  15