48 25 19 38 26 38 20 52 21 12 9  27 57 13 45 53 41
19 42 43 39 22 14 17 19 31 32 41 58 15 10 23 28 35
46 42 56 40 11 54 24 14 57 19 49 50 12 33 51 48 55
13 47 37 19 21 14 49 2  38 9  43 39 52 22 12 19 53
23 16 45 50 19 10 19 59 2  51 24 25 20 21 3  40 11
41 37 12 7  42 56 34 9  8  31 28 36 5  43 38 6  19
4  46 10 5  56 54 31 27 48 55 14 47 49 22 45 19 39
30 18 46 41 35 19 23 14 11 1  46 30 2  33 32 15 60
59 3  60 52 24 4  53 31 13 9  19 42 55 21 16 12 40
19 28 37 13 46 43 19 35 17 41 46 19 32 33 19 22 1
52 23 14 59 15 39 55 19 39 2  40 10 50 3  58 54 24
16 10 25 57 19 47 22 4  9  42 44 12 37 13 10 55 22
14 29 19 35 6  13 11 9  43 41 47 59 23 16 38 24 19
46 12 2  7  24 13 10 19 22 14 34 15 10 20 12 2  18
31 3  51 23 17 47 42 35 52 24 13 42 53 21 12 45 48
13 32 13 7  54 46 27 7  33 3  35 44 44 27 14 46 8
16 9  54 22 13 19 34 43 19 35 19 39 10 23 13 19 45
28 13 9  52 42 18 42 46 20 14 53 21 26 49 55 24 47
43 5  5  19 40 20 22 15 19 10 2  38 10 33 41 41 30
16 11 3  5  42 56 55 50 44 4  46 30 32 27 38 20 5