1    2    118  4    5    969  7    392  9    10   421  58   395  51   78   12   129  13   595  921  222  834  824  655  71   677  926  508  686  381  255  446  772  972  222  819  299  448  776  353  726  834  836  866  752  539  16   358  384  536
17   986  6    798  860  406  546  386  18   352  582  999  987  716  953  990  803  42   469  985  382  355  377  440  27   365  925  837  310  65   959  27   384  475  204  919  587  794  425  987  821  618  358  838  39   36   910  388  584  733
157  928  453  923  329  404  469  46   472  517  120  458  905  537  896  491  799  893  386  57   666  420  180  713  740  705  849  424  642  121  521  195  266  874  598  475  486  403  174  996  444  851  191  161  255  214  522  743  433  943
225  878  265  689  184  907  179  201  644  434  257  886  29   856  269  798  744  389  890  887  37   770  581  583  223  882  595  292  667  4    937  260  841  58   92   23   787  759  901  596  713  716  336  666  435  449  951  888  129  645
151  850  795  155  212  744  516  406  911  216  822  684  76   770  814  863  703  670  832  805  787  79   809  815  24   390  705  605  168  824  847  827  917  532  549  619  107  671  375  825  870  627  108  423  381  121  164  935  431  861
693  644  395  522  802  414  736  666  481  651  903  792  507  827  290  718  565  55   311  813  944  550  540  553  176  442  926  625  844  30   972  427  169  638  85   321  476  982  261  510  51   599  176  777  15   570  873  470  10   326
848  834  503  260  993  1000 282  739  490  863  506  519  481  850  568  345  662  719  155  449  466  602  690  186  355  375  723  470  575  200  650  426  381  142  868  490  683  365  865  508  285  579  506  150  170  837  168  878  718  169
51   619  217  966  146  806  754  431  108  66   87   432  431  215  219  464  238  176  442  221  690  121  309  219  288  290  881  749  258  575  73   994  95   899  801  666  37   843  954  199  91   589  555  156  810  165  667  916  428  550
233  43   956  125  449  723  627  206  626  456  128  251  149  553  897  16   238  138  591  37   600  558  241  696  655  229  677  241  43   899  970  307  856  754  919  154  258  191  211  419  285  139  993  424  938  4    259  313  595  839
603  168  270  360  99   617  299  670  169  221  598  321  350  624  228  222  796  711  278  117  851  668  974  688  213  180  690  351  215  711  411  595  228  655  940  484  374  468  794  677  293  594  791  542  824  580  775  496  789  835
388  551  563  194  726  405  225  976  594  368  380  957  469  444  816  458  611  440  408  768  491  846  752  416  340  979  613  769  567  600  377  388  956  446  200  610  953  87   417  355  384  899  963  772  196  996  776  954  590  842
426  784  679  619  221  500  432  804  425  222  771  472  856  749  684  966  992  480  779  797  621  255  923  934  668  440  505  237  913  542  703  994  236  380  292  736  444  239  299  308  309  14   25   378  458  491  272  939  801  496
18   241  262  522  504  261  407  552  491  158  899  942  903  56   275  864  943  310  431  255  300  30   811  954  628  102  486  956  828  291  925  633  93   816  355  535  845  314  959  492  365  970  68   380  635  68   952  168  797  957
138  212  44   292  599  169  494  176  973  591  873  45   191  874  595  487  517  828  502  948  196  208  266  275  913  193  705  921  655  875  999  969  233  311  204  550  576  556  993  349  853  926  876  602  550  19   343  353  330  575
925  708  818  127  996  138  956  201  191  212  504  887  116  880  1000 831  575  6    137  977  685  216  959  715  236  970  46   468  35   623  239  340  73   355  973  778  437  650  526  505  447  898  461  683  484  17   12   884  571  940
365  29   128  816  508  542  570  580  32   888  177  307  594  926  625  204  468  917  555  233  380  37   804  375  486  313  671  713  521  661  862  614  726  96   856  39   848  536  625  877  325  255  892  600  791  825  329  573  890  181
46   223  926  577  949  233  899  685  292  635  516  20   644  587  916  56   660  972  293  957  59   705  510  341  796  715  407  727  513  282  107  12   263  927  324  730  108  378  744  314  323  347  529  438  285  492  597  330  580  108
268  494  340  168  908  169  466  341  594  814  770  824  439  261  233  238  447  79   948  865  288  934  776  851  405  784  822  878  14   401  93   236  271  774  835  533  832  886  804  684  289  857  53   986  348  601  335  803  339  258
609  246  108  673  259  69   385  218  153  540  326  463  254  639  104  493  890  730  939  710  278  437  184  193  10   801  928  949  369  482  51   516  966  244  720  66   994  922  610  596  954  763  445  930  955  986  518  484  49   952
14   958  776  621  29   677  641  571  605  317  93   435  324  445  842  214  688  829  15   645  365  601  380  830  708  663  466  703  200  849  230  851  432  772  470  776  757  784  960  221  555  956  216  16   327  84   236  266  92   354
537  464  676  275  300  934  14   357  328  687  685  556  512  490  361  260  678  623  667  985  702  942  836  170  4    750  968  651  860  755  831  975  623  928  785  13   133  30   881  627  610  864  73   930  102  282  74   1    657  986
181  196  572  644  952  987  191  569  667  913  285  20   209  925  506  165  233  784  129  842  746  127  199  536  238  28   260  181  728  311  237  963  952  849  651  233  42   985  934  124  904  677  673  241  221  214  519  666  874  885
475  719  900  688  908  859  222  261  238  255  584  913  67   241  121  225  412  723  745  906  257  827  125  239  447  80   230  292  41   461  537  115  413  508  51   297  754  517  65   261  754  726  22   734  682  120  613  968  894  539
58   739  129  757  774  550  867  204  618  524  521  742  632  254  253  651  752  536  778  553  73   642  769  379  670  809  955  892  782  337  13   831  74   893  600  647  596  836  999  158  155  212  156  669  74   776  596  796  138  165
671  860  718  194  206  878  681  353  358  985  886  713  416  694  50   893  128  726  823  4    139  752  123  686  340  175  168  236  794  136  824  655  72   985  239  798  635  975  990  841  945  555  54   776  887  19   784  122  713  804
937  33   856  867  693  349  778  272  331  578  1    704  375  890  888  917  496  660  291  276  369  92   31   155  995  367  582  425  444  896  83   381  314  293  703  458  754  250  688  733  438  116  767  156  899  431  373  618  62   584
137  533  405  619  687  905  353  177  736  8    642  812  165  599  916  472  257  377  627  866  872  850  187  336  649  802  730  814  787  564  809  861  536  502  195  600  516  787  752  644  635  40   726  693  340  2    809  866  24   853
932  518  355  752  704  365  605  225  585  966  500  547  738  794  206  760  804  269  489  209  47   569  600  985  857  237  739  800  626  778  622  550  8    211  622  42   385  796  994  213  216  985  859  867  215  214  4    283  741  802
323  987  813  288  889  713  230  458  331  491  620  241  513  290  844  806  247  532  496  261  348  595  813  957  456  566  753  472  311  339  486  343  896  730  576  831  336  241  506  347  236  772  299  519  7    577  15   389  30   592
102  196  462  537  249  776  297  209  239  397  228  321  904  535  14   240  556  492  784  449  529  599  916  494  326  372  247  309  369  972  2    326  502  93   128  189  531  390  651  124  348  784  260  646  124  608  441  678  196  616
260  351  745  139  282  573  474  529  369  434  804  233  407  514  471  623  341  355  460  515  937  251  987  813  347  435  643  440  839  29   475  121  619  386  830  349  742  267  650  755  627  833  898  168  785  583  375  596  772  805
978  800  644  683  967  686  504  776  749  454  461  782  997  362  839  815  363  727  848  618  724  642  167  649  733  395  688  713  850  981  482  610  690  785  767  808  555  540  585  726  538  7    976  459  653  621  270  298  749  659
452  985  549  784  565  825  102  454  804  455  918  752  497  856  477  798  890  581  437  583  499  456  794  613  927  934  995  504  517  936  663  991  930  821  892  79   221  367  986  39   5    475  876  987  996  12   685  107  838  211
405  42   844  928  540  539  85   857  48   472  116  213  168  533  215  539  511  176  609  715  859  772  546  867  131  196  473  15   979  985  132  55   137  486  805  551  108  953  544  219  600  555  291  733  4    492  623  650  417  58
528  14   16   41   426  93   56   14   926  713  84   726  667  129  391  2    411  151  494  575  744  74   155  644  139  317  670  749  666  181  671  772  770  164  361  515  233  666  369  268  309  787  87   95   693  225  36   161  589  809
184  156  257  174  68   188  371  191  958  919  787  165  206  275  913  211  200  187  921  387  899  867  249  809  598  125  896  297  288  600  255  957  630  705  128  713  333  58   341  380  831  864  836  139  925  452  553  860  83   591
519  726  362  595  476  364  635  238  959  655  347  199  191  161  349  942  431  353  251  748  546  477  917  88   702  660  874  209  658  237  559  677  913  551  965  18   158  555  43   693  241  90   8    752  688  552  416  78   10   535
690  625  561  44   570  95   261  927  45   599  668  228  156  116  889  504  727  35   544  749  165  772  73   730  921  206  112  486  926  330  638  584  960  137  972  862  968  941  517  609  560  240  211  744  5    21   521  602  874  846
541  565  546  934  554  168  258  612  241  873  638  562  169  261  610  734  802  155  168  72   169  520  3    4    942  551  169  182  176  641  213  84   779  484  71   194  552  555  655  970  561  621  215  342  899  392  799  574  842  412
496  395  211  616  10   801  813  522  550  164  738  844  570  482  133  571  742  580  51   317  553  637  457  324  591  387  378  810  928  848  984  260  769  741  41   952  930  431  278  442  799  842  449  65   117  311  782  456  351  468
835  484  564  571  794  321  413  986  374  83   963  776  289  678  791  857  487  750  326  998  222  820  784  582  755  233  546  471  265  266  516  701  116  85   158  124  564  650  635  676  175  890  759  683  954  518  924  254  529  883
456  899  992  141  886  916  192  956  472  912  713  950  196  324  270  591  896  22   209  11   846  445  62   753  403  477  595  683  713  755  437  193  207  655  425  266  469  472  275  466  797  486  374  300  975  299  666  16   782  921
860  358  711  849  328  639  96   369  386  851  98   275  101  14   440  697  667  138  269  384  784  471  241  191  351  893  782  226  842  670  916  999  261  350  727  227  330  849  475  182  733  118  941  261  932  791  154  828  851  29
939  456  5    10   966  57   67   468  76   994  35   878  340  826  355  425  724  14   837  489  365  495  472  517  721  688  524  519  165  521  536  852  194  486  75   492  827  206  225  650  671  688  839  494  909  129  924  521  941  708
151  520  220  447  537  693  556  214  711  524  444  137  493  525  578  532  617  458  5    230  484  972  19   373  491  653  629  582  272  80   630  177  972  97   205  656  858  496  504  575  749  677  576  435  843  688  872  187  800  58
623  98   4    501  802  188  697  890  549  957  252  189  935  356  109  275  378  169  996  939  632  496  910  893  177  286  651  932  961  875  661  965  291  187  215  159  919  865  129  113  188  636  151  625  859  189  183  234  753  12
219  493  127  314  638  685  589  715  235  221  290  259  155  989  16   197  919  29   138  114  202  328  278  341  727  353  641  649  358  652  581  797  351  203  555  301  677  726  362  374  290  315  423  612  278  129  173  561  352  570
791  427  583  862  952  352  151  351  22   831  846  864  470  208  591  20   903  374  892  595  549  382  452  655  836  486  873  470  507  96   860  510  254  874  537  598  677  913  324  243  378  658  688  921  438  153  439  98   750  58
275  525  666  942  434  194  755  157  102  926  397  814  439  180  225  972  436  839  878  952  318  35   862  257  965  453  196  963  462  286  332  236  239  708  846  443  670  727  59   289  992  745  134  412  893  993  481  915  873  941
550  976  339  874  671  343  480  743  5    553  580  556  591  999  824  922  334  754  559  191  757  706  595  238  730  184  836  605  87   200  327  246  759  254  261  719  437  201  255  168  723  242  546  979  919  212  875  928  271  166
585  930  292  189  876  260  269  819  201  275  324  492  366  212  216  300  813  835  882  708  236  19   857  378  405  844  282  372  682  417  438  704  328  745  848  239  330  936  850  381  377  888  827  782  714  814  704  288  421  340
459  784  258  537  657  804  408  518  711  325  856  767  812  33   804  814  556  5    716  834  856  60   623  667  890  650  431  35   764  899  683  824  185  886  442  708  791  580  887  730  581  744  808  770  847  745  758  846  442  178
457  916  821  876  148  216  846  827  161  780  801  449  368  831  184  838  354  822  755  975  919  854  363  928  472  713  832  1    486  4    836  439  58   66   367  129  570  850  903  446  201  511  688  878  228  461  321  212  326  162
43   369  514  654  274  93   373  377  690  844  497  405  551  28   417  413  600  515  388  397  228  87   635  848  987  324  426  42   984  745  358  453  228  660  487  827  378  240  481  271  850  783  688  507  247  839  128  289  887  727
309  730  931  449  407  505  862  133  892  510  744  757  493  668  937  623  941  169  896  490  988  461  933  189  470  820  932  549  966  654  459  176  800  771  237  965  696  659  194  379  809  802  129  565  41   669  444  151  499  503
260  813  623  650  260  812  831  511  522  721  681  913  874  994  314  141  779  836  998  218  689  683  763  860  705  700  550  387  713  92   781  127  353  397  367  553  844  3    444  493  116  848  355  990  850  349  12   30   964  102
694  814  688  453  824  600  698  706  847  138  388  403  690  516  635  846  405  749  518  29   191  452  695  772  605  651  860  873  469  549  477  990  726  916  676  156  657  225  259  476  660  874  699  248  977  300  613  278  618  87
95   642  252  870  415  196  525  449  958  668  863  328  351  215  711  147  374  690  749  456  17   219  37   65   716  314  445  85   127  822  710  867  353  275  896  957  712  384  92   527  860  516  990  996  15   167  744  228  240  720
62   358  458  206  281  734  481  30   518  102  247  196  607  209  150  30   471  507  332  494  458  821  22   551  530  642  386  838  334  309  155  854  407  116  366  992  346  246  993  250  168  502  137  353  96   708  545  449  435  796
655  304  319  284  115  324  823  155  358  378  891  596  151  881  176  913  439  115  466  330  908  916  921  456  813  642  824  649  398  468  220  484  37   571  387  301  919  844  623  892  43   994  125  190  580  228  928  150  179  278
151  123  832  568  351  524  903  579  359  792  259  711  192  605  594  988  484  47   991  85   716  57   999  624  479  507  555  236  193  525  155  500  676  257  222  425  266  996  275  730  848  65   883  561  239  378  84   276  850  570
438  582  791  80   685  19   666  100  745  439  656  917  513  92   806  303  116  162  661  998  582  610  625  584  621  462  536  649  927  619  885  508  108  672  914  647  370  196  272  747  865  339  539  291  171  878  290  142  298  612
666  217  622  481  632  300  486  328  934  708  229  30   492  288  12   330  749  13   772  314  507  223  661  942  952  308  71   146  135  29   510  614  776  232  508  379  784  110  464  804  537  432  856  472  556  311  149  288  647  76
799  685  79   271  51   156  809  248  400  290  107  831  486  442  37   449  409  456  165  954  75   890  492  156  956  337  339  546  8    89   464  891  43   254  721  343  963  237  740  743  899  524  525  66   16   224  437  465  84   549
512  862  241  874  387  669  596  916  814  922  753  992  534  892  173  934  919  494  87   954  502  928  572  285  603  677  824  893  371  617  688  516  22   261  216  397  889  886  288  476  95   96   491  745  937  606  832  453  891  469
899  817  804  236  480  254  239  192  474  840  903  353  56   373  271  152  856  941  289  759  156  893  915  972  859  165  599  5    922  514  979  602  954  441  206  211  810  355  953  642  527  655  630  759  594  107  795  820  956  711
724  677  505  932  712  858  688  502  690  108  213  716  68   165  966  822  121  733  939  84   805  832  769  542  474  815  799  842  883  4    613  849  851  580  825  847  908  391  594  353  343  49   917  285  110  767  644  723  955  987
516  914  347  782  164  378  536  896  438  349  18   42   439  920  985  787  462  481  102  958  559  823  666  219  946  432  705  767  872  954  844  786  4    678  960  750  522  778  490  179  77   265  755  550  733  37   581  708  754  158
42   233  464  196  47   33   594  121  480  793  711  223  386  221  222  512  985  831  255  165  209  968  560  796  932  206  526  30   718  4    211  823  716  865  577  822  889  381  611  373  966  58   583  209  520  520  129  674  751  377
151  970  973  263  425  551  121  979  299  417  155  410  15   675  776  399  188  268  125  752  438  779  784  30   537  66   343  975  587  896  189  388  915  282  374  957  461  897  269  403  153  479  285  902  793  539  87   996  372  546
960  508  991  804  494  266  253  347  813  999  452  300  12   896  349  904  683  328  844  240  936  252  866  330  247  490  429  978  917  841  170  981  506  932  128  337  519  288  7    49   607  966  53   489  340  848  447  439  551  596
850  355  158  919  375  532  899  19   255  801  642  292  211  810  916  33   685  803  375  436  919  213  915  175  686  807  954  480  198  627  724  994  865  937  928  182  930  813  435  745  264  700  380  638  899  277  916  139  652  862
913  345  116  47   305  706  381  205  919  492  875  820  660  892  795  928  183  690  546  213  333  749  494  502  772  675  580  551  57   240  447  76   215  333  176  551  35   322  668  267  235  855  555  219  297  594  610  918  621  85
194  886  215  613  124  663  489  644  590  225  257  145  338  266  1    752  343  482  1    967  668  887  744  532  540  711  871  247  520  666  585  908  928  605  333  102  913  991  481  290  206  196  163  168  311  203  928  374  356  655
384  756  727  139  677  965  794  611  136  705  628  799  622  688  373  730  842  462  655  425  708  524  481  442  167  784  8    525  570  611  301  986  605  657  449  791  999  728  727  152  549  667  561  565  502  987  581  765  42   884
66   859  156  116  670  93   824  633  844  555  176  121  614  835  730  40   625  654  522  744  197  856  549  718  561  376  671  95   740  447  324  153  378  822  565  438  770  848  481  787  108  890  412  659  461  634  266  773  275  516
824  822  782  835  507  518  809  791  857  359  289  510  508  846  105  932  873  537  282  934  656  874  80   936  661  100  300  724  285  713  693  328  605  726  704  685  913  330  121  337  109  893  733  512  778  257  676  365  454  678
288  202  827  174  930  186  796  14   752  526  344  290  794  883  752  950  986  311  750  93   345  839  47   715  114  840  321  173  862  524  22   525  929  937  124  869  794  715  57   199  987  8    376  611  127  549  96   934  326  880
102  942  138  26   289  799  570  369  40   842  98   42   985  47   393  377  862  565  157  719  440  404  727  993  892  104  730  165  893  475  40   589  744  549  206  249  986  680  787  565  4    781  440  494  261  977  114  774  271  212
427  978  289  498  772  863  458  502  581  932  475  8    583  491  134  533  496  938  66   87   363  328  940  288  798  14   596  367  288  216  688  214  290  598  444  71   749  516  93   481  658  209  466  236  440  507  237  387  772  292