50  86  57  61  43  55  41  56  53  43  70  72  39  17  73  58  82
67  72  67  56  58  61  70  28  30  69  31  52  21  17  66  25  44
71  56  73  38  26  31  18  70  72  58  34  51  57  75  53  72  68
19  43  72  41  74  48  43  18  55  265 266 267 50  18  66  24  40
27  42  67  31  23  72  48  87  72  57  71  38  30  68  17  41  27
52  58  76  73  19  42  54  45  21  31  61  42  54  36  68  56  38
43  37  39  75  60  56  54  71  40  29  68  88  27  30  56  33  41
72  266 30  54  31  50  87  68  40  57  66  70  50  19  86  50  58
71  31  76  66  71  58  80  65  34  56  58  72  20  87  81  39  43
24  40  50  30  19  55  70  71  38  23  86  50  17  88  77  30  65
67  86  69  30  24  75  67  31  49  88  50  17  66  25  40  74  56
72  57  73  38  29  25  18  68  73  48  31  34  65  56  51  80  39
30  54  24  30  82  31  80  41  47  49  50  19  67  24  39  26  57
81  55  30  42  54  71  50  73  40  29  71  57  80  55  31  