68 32 10 90 22 48 5 76 51 11 88 64 84 20 36 45 23 50 91
44 5 76 42 26 84 22 55 70 3 97 35 71 40 74 82 52 44 7
68 51 5 89 30 74 92 18 84 72 64 9 32 80 42 55 6 18 67
98 82 85 14 44 58 86 32 57 45 51 36 56 1 94 57 22 76 84
46 83 50 45 21 97 16 49 90 52 86 51 6 11 88 64 40 44 89
66 97 5 53 18 49 10 69 85 48 57 93 36 84 50 95 77 6 12
9 79 52 91 48 56 10 90 85 46 62 6 26 55 9 32 80 3 25
68 97 21 64 42 82 34 3 18 49 89 68 56 45 37 89 12 53 7
74 1 68 49 43 85 44 11 36 88 76 16 56 90 52 7 10 58 86
46 74 72 22 49 91 36 62 85 12 45 51 35 18 1 42 30 50 88
64 40 84 6 23 11 28 76 5 57 95 89 80 29 50 39 97 13 32
72 3 64 33 82 68 90 45 16 52 26 32 11 75 6 44 57 22 55
68 95 18 69 57 76 9 56 72 15 53 4 90 85 67 97 30