24 10 78 41 27 11 55 72 105 88 101 9 51 47 108 24 55 56 76 61 103 59 105 10
38 74 118 98 21 46 79 115 117 61 113 15 56 106 89 41 79 53 118 122 92 111 106 67
35 58 96 43 29 72 43 25 36 117 90 114 65 34 117 44 80 5 105 41 120 70 78 38
105 108 91 118 58 31 92 100 74 44 123 92 19 2 7 101 80 62 108 112 79 89 89 93
73 68 55 38 59 45 34 50 41 117 53 114 9 39 104 121 24 109 100 88 96 116 97 85
117 65 37 72 29 92 74 25 46 49 24 115 49 87 79 53 118 9 120 77 68 65 46 63
120 50 118 36 116 54 43 72 68 97 1 79 111 116 6 70 52 53 99 89 119 25 52 59
27 94 66 2 88 8 33 26 74 17 83 92 67 35 123 112 29 79 1 30 121 22 103 92
29 96 87 44 95 42 24 47 22 66 81 106 42 104 63 74 97 116 21 59 85 80 121 22
21 62 20 14 121 28 63 19 85 9 83 36 8 40 8 67 73 76 65 122 61 84 43 94
35 105 79 91 51 38 119 20 61 30 8 52 26 115 11 90 54 50 44 45 46 15 24 115
54 73 13 53 118 105 36 13 114 83 5 54 38 36 104 9 108 61 103 81 51 42 9 59
44 82 56 41 60 14 57 122 74 84 91 118 49 57 11 64 54 55 28 69 43 91 16 80
121 22 81 68 19 38 37 53 55 58 4 79 38 20 78 47 112 110 72 111 2 53 92 98
85 8 88 59 71 50 113 121 21 47 68 64 123 32 94 87 11 72 89 14 39 52 51 19
56 2 34 104 62 73 123 90 107 105 41 13 53 44 123 36 34 16 106 68 55 108 73 84
77 99 100 94 88 29 72 71 57 99 3 23 121 80 52 8 31 99 27 123 86 49 110 120
122 99 27 122 65 25 34 50 87 103 109 65 2 62 57 26 97 88 11 52 49 86 58 7
51 65 9 18 71 87 11 66 52 113 75 114 17 84 118 121 86 2 88 40 94 67 67 93
21 109 66 17 2 77 8 111 33 92 3 40 62 22 110 35 93 85 81 93 72 72 70 36
40 94 19 85 106 62 81 2 76 39 70 61 83 20 67 103 36 110 7 22 123 120 111 103
7 99 118 30 64 95 85 17 11 73 42 34 25 7 40 107 82 74 28 44 78 18 97 13
34 109 83 120 50 58 88 99 27 3 52 53 34 14 96 43 21 92 4 58 100 12 78 18
74 37 7 9 102 120 3 46 94 96 66 14 47 73 72 24 120 42 97 30 108 119 94 101
26 63 102 60 45 40 71 85 72 49 123 40 11 60 1 105 39 16 24 115 72 24 48 19
9 77 20 30 26 62 101