1  2  3  4  5  6  7  8  9  10 4  11 12 13 14 15 16
17 3  18 5  9  19 20 15 15 21 18 3  7  22 21 23 6
24 25 9  26 26 27 28 12 29 3  14 30 30 31 32 18 33
14 34 33 35 36 19 29 19 37 32 31 36 9  38 23 24 35
39 36 40 41 7  30 9  3  9  13 18 10 10 25 42 43 44
45 46 45 47 48 44 35 5  31 32 41 35 35 23 1  38 37
34 28 42 34 49 50 12 10 11 21 10 26 38 32 51 40 52
53 38 54 55 37 5  6  11 56 34 16 20 57 51 43 29 44
33 58 26 41 14 28 4  12 3  16 9  58 49 59 7  8  30
29 35 60 52 59 42 16 45 51 14 39 55 4  32 31 37 5
10 49 54 61 28 56 11 61 9  33 17 11 47 8  45 35 57
25 35 5  26 41 1  42 32 7  62 48 20 23 14 16 37 41
17 32 29 19 46 36 40 22 24 4  13 15 58 27 25 17 49
49 31 6  9  4  30 22 28 37 8  54 27 17 28 57 45 35
57 16 44 29 24 61 16 9  26 55 40 54 31 30 60 24 28
37 46 46 14 39 59 29 3  33 17 53 7  49 48 29 31 60
37 57 19 42 34 24 56 19 43 15 4  32 35 6  21 11 63
47 38 10 3  40 5  34 46 12 52 35 62 48 30 37 1  14
36 19 29 23 11 26 56 8  11 28 40 64 58 9  32 39 27
61 31 31 65 20 23 41 59 7  45 57 46 29 65 37 60 4
17 33 10 21 25 34 52 63 9  41 13 35 15 15 29 22 44
56 32 42 34 56 5  17 5  17 26 45 58 50 38 52 48 21
32 19 21 55 29 24 7  3  44 56 12 15 39 12 43 14 4
45 49 29 19 31 44 26 11 38 52 40 60 9  64 42 3  41