1 2 3 4 5 6 7 8 9 10 11 12 13 14 15 16 17 18 19 20 20 21 22 6 23 24 25 26 27 28 26 29 30 31 32 33 34 35 36 37
38 39 15 40 41 42 43 44 45 46 47 48 49 50 51 51 8 52 41 21 10 53 54 42 55 56 57 58 10 59 12 60 61 62 17 63 64 43 65 66
61 36 67 18 68 69 70 19 71 24 72 73 74 75 76 77 78 43 79 80 81 20 82 83 84 85 86 87 88 89 90 91 3 18 92 40 93 94 95 96
15 97 98 50 57 99 56 100 73 101 15 102 103 104 52 105 72 106 107 30 108 24 109 110 111 112 113 114 72 115 116 117 118 119 120 121 16 122 123 124
11 125 126 63 127 71 33 128 129 130 24 82 131 132 42 130 44 35 133 134 24 135 54 136 137 19 138 37 139 18 88 140 126 81 141 70 142 63 52 143
144 49 61 145 146 24 53 147 148 3 62 149 81 78 136 86 112 150 151 59 53 152 22 113 153 32 32 154 123 155 70 156 157 158 92 39 159 160 111 161
162 71 75 163 164 151 19 165 5 85 166 164 134 87 117 121 167 168 68 9 9 169 63 170 129 171 172 173 48 174 21 84 175 129 176 53 109 91 24 177
178 15 116 179 162 20 110 117 72 86 180 176 36 45 160 31 130 142 93 61 136 181 63 130 102 112 182 153 5 73 183 41 83 82 177 147 155 184 82 82
185 142 186 187 16 188 100 189 190 95 185 76 20 187 191 29 192 8 193 163 1 194 182 157 163 71 137 68 30 128 100 64 12 195 157 196 9 165 9 130
197 104 198 199 151 130 157 87 200 11 201 202 139 36 89 80 203 12 204 104 173 205 48 206 124 59 207 37 74 146 208 169 74 209 11 210 186 128 211 18
48 120 100 64 45 212 135 158 213 189 144 214 215 169 58 134 72 216 217 144 208 218 160 219 170 45 72 220 172 97 221 222 223 185 136 95 158 38 200 91
224 49 225 226 22 227 68 228 67 153 229 230 46 142 231 87 232 233 107 234 171 48 235 236 162 96 237 59 177 137 46 216 51 74 12 238 144 239 190 201
54 240 241 100 242 50 126 131 227 101 226 99 243 96 50 52 219 212 43 115 125 17 219 42 244 108 162 245 183 69 128 160 55 81 227 246 50 194 215 247
23 46 30 248 249 9 250 227 251 178 163 132 194 190 231 23 19 62 240 252 144 253 253 29 169 24 33 206 10 19 203 107 85 99 32 13 254 65 249 255
256 3 54 124 154 257 101 215 13 111 258 215 80 233 47 259 2 109 35 235 143 139 159 190 227 223 127 177 51 185 104 37 24 135 83 40 85 126 33 186
151 260 261 212 189 173 123 147 60 12 139 213 262 107 49 66 72 210 263 131 245