121 213 310 406 516
108 200 323 416 513
112 208 308 409 515
102 216 309 425 509
114 215 309 417 507
102 201 323 401 517
111 200 306 408 500
113 203 313 407 512
103 223 313 403 511
119 213 316 416 511
102 204 324 418 517
120 203 324 407 516
105 209 312 401 504
117 208 310 408 500
113 203 301 425 513
115 201 313 408 515
115 214 308 406 501
122 204 322 408 509
114 209 305 412 504
117 213 316 402 509
100 200 310 423 513
100 214 320 419 509
114 209 309 419 520
101 200 320 416 518
120 211 313 403 509
103 207 313 421 513
107 209 305 407 523
115 224 313 416 508
102 203 306 416 514
107 200 310 401 509
103 212 324 