15 36 19 5  9  23 20 57 28 1  37 35 36 7  38 10 37
38 39 24 25 35 11 12 40 47 48 13 2  9  27 21 14 3
32 16 59 36 30 15 43 22 6  10 29 19 37 44 8  4  11
12 45 33 17 38 36 1  13 36 49 11 2  26 3  12 55 61
11 34 12 16 5  35 23 37 37 18 1  20 35 46 6  32 7
2  36 8  35 9  41 13 1  36 58 36 2  3  10 14 37 38
62 4  11 9  37 38 21 7  35 12 17 36 13 5  6  28 57
8  19 39 1  42 2  36 15 29 11 20 19 37 24 5  6  3
28 29 25 37 23 10 33 56 34 43 24 9  31 1  12 60 16
11 2  35 12 38 50 32 33 36 10 23 24 59 7  60 37 32
30 25 36 40 5  20 47 33 13 58 18 55 41 14 8  44 11
1  34 17 7  35 21 45 61 26 40 36 48 56 15 35 55 36
12 23 59 37 6  13 37 22 11 12 2  32 38 16 38 28 39
9  35 43 5  33 3  11 4  36 29 1  10 49 31 6  37 60
44 47 43 44 19 38 2  18 36 45 5  15 9  20 36 12 56
13 34 3  37 24 37 14 25 36 17 8  11 1  62 35 59 37
7  32 48 10 16 36 33 38 21 47 30 31 39 28 46 32 48
12 2  35 36 37 38 55 56 13 18 33 11 49 35 1  34 36
37 9  19 35 43 60 38 50 2  47 29 44 12 48 30 36 36
32 20 37 45 41 11 35 31 3  43 37 44 12 49 47 43 4