15 36 19 5  9  23 20 57 28 1  37 51 52 7  38 10 53
54 39 24 25 51 11 12 40 47 48 13 2  9  27 21 14 3
32 16 59 36 30 15 43 22 6  10 29 19 37 44 8  4  11
12 45 33 17 38 36 1  13 52 49 11 2  26 3  12 55 61
11 34 11 16 5  35 23 37 53 18 1  20 51 46 6  32 7
2  52 8  51 9  41 12 1  36 58 51 1  2  10 13 52 53
62 3  14 9  36 37 21 7  54 11 17 51 12 5  6  28 57
8  19 38 4  42 1  39 15 29 13 20 19 52 24 5  6  2
28 29 25 36 23 10 33 56 34 43 24 9  31 3  11 60 16
12 1  53 11 37 50 32 33 38 10 23 23 59 7  60 36 32
30 24 51 40 5  19 47 32 11 58 18 55 41 12 8  44 13
2  33 17 7  52 20 45 61 25 40 37 48 56 15 34 55 51
14 26 59 51 6  11 36 21 12 13 1  35 36 16 52 28 37
9  53 43 5  32 1  11 2  38 29 3  10 49 31 6  39 60
44 47 43 43 22 36 4  18 54 44 5  15 9  19 37 12 56
11 33 1  38 23 51 11 24 36 17 8  12 2  62 52 59 37
7  34 48 10 16 53 32 36 20 47 30 31 36 28 45 33 47
13 3  51 52 51 51 55 56 14 18 32 11 48 50 1  32 37
38 9  21 33 46 60 39 49 2  50 29 43 12 47 30 50 36
34 19 50 44 41 13 50 31 1  45 37 43 11 48 49 44 1