22 28 23 26 11 27 24 29 30 25 34 18 42 12 38 43 31
13 5  14 7  1  54 46 15 24 50 23 47 48 39 32 55 8
20 16 54 35 22 51 22 49 33 40 44 14 17 54 34 52 21
2  37 26 23 30 29 24 36 19 58 25 28 9  18 3  32 13
24 35 53 20 12 16 41 45 44 11 48 52 6  11 7  4  55
47 12 32 3  34 23 46 51 20 13 33 40 46 50 10 2  34
18 14 44 39 54 47 1  35 22 32 1  28 38 16 2  29 30
50 38 26 22 31 30 48 39 32 15 51 21 23 36 19 18 24
56 14 49 33 13 52 20 12 32 40 48 53 52 20 45 25 29
28 24 37 18 11 60 42 11 44 12 36 7  13 23 51 22 47
14 57 15 35 5  14 50 50 13 44 51 21 3  34 19 12 52
53 22 34 18 61 41 54 45 44 40 8  27 46 39 17 16 59
23 52 20 4  18 24 44 28 51 20 11 5  11 46 50 42 3
45 50 38 16 25 51 24 47 52 21 2  53 58 20 12 35 23
9  22 13 22 58 23 29 30 6  14 44 15 5  38 44 36 24
37 43 1  45 1  9  25 7  14 2  36 10 3  31 30 52 20
13 24 21 4  56 12 26 23 29 28 11 9  59 22 28 29 5
11 7  39 32 12 33 62 48 30 3  56 13 49 22 58 23 31
30 35 40 51 19 24 57 14 61 41 55 32 61 34 2  32 15
6  14 8  1  54 48 13 62 40 54 58 25 29 28 50 44 61