22 28 23 26 11 27 24 29 30 25 34 18 42 12 38 43 31
13 5  14 7  1  54 46 15 24 50 23 47 48 39 32 55 8
20 16 54 35 22 51 23 49 33 40 44 14 17 55 36 52 21
2  37 26 24 30 29 25 36 19 58 24 28 9  18 3  32 13
23 35 53 20 12 16 41 45 44 11 48 52 6  12 7  4  54
47 13 33 3  34 22 46 51 21 14 32 40 47 50 10 2  35
19 15 45 39 55 48 1  36 23 33 2  29 38 17 3  30 31
51 39 27 24 30 29 49 40 32 14 52 20 25 37 18 19 24
56 13 48 33 12 53 21 11 32 41 47 52 51 20 44 23 28
29 22 36 18 12 60 42 13 45 14 35 8  15 23 50 24 46
14 57 13 34 5  12 51 52 11 44 53 21 4  35 19 12 52
51 25 36 18 61 40 54 45 44 39 7  26 47 38 16 17 59
24 50 20 3  19 23 45 30 51 21 13 6  14 48 52 43 2
44 53 39 16 22 52 23 49 51 20 1  50 58 21 15 37 24
9  25 14 24 59 23 31 30 5  13 45 12 6  40 44 36 22
35 42 2  45 3  10 23 8  11 4  34 9  3  29 28 51 20
12 24 21 2  56 13 27 25 29 30 14 10 58 24 31 30 5
15 7  41 33 14 32 62 48 29 1  57 13 47 23 59 22 28
29 35 40 52 18 23 56 12 61 39 55 33 62 36 2  32 11
6  12 8  3  54 46 13 61 38 55 58 24 30 31 53 44 62