1 37 31 33 5 6 30 37 8 28 33 1 28 9 26 29 33 32
11 35 10 36 12 26 40 10 13 14 1 10 36 30 4 27 23 14
1 5 25 29 25 38 15 9 25 26 29 40 16 25 17 16 30 33
40 39 14 23 14 6 2 8 18 28 26 39 35 27 38 13 23 35
9 8 40 15 24 14 33 2 33 17 16 29 19 40 39 37 8 1
35 3 38 20 21 2 11 36 9 6 31 32 2 3 17 7 29 4
3 9 24 13 17 28 39 34 30 16 24 25 3 9 25 11 35 17
14 10 9 31 34 38 33 2 39 14 13 2 4 27 27 2 3 36
40 20 24 16 16 35 27 2 22 38 39 17 16 5 13 26 2 32
29 22 1 35 31 10 32 7 23 7 26 20 37 21 27 40 23 28
27 20 37 32 30 36 31 37 16 10 28 32 13 29 15 31 28 4
34 9 39 7 11 38 15 7 22 15 18 30 4 24 32 31 30 4