1 39 30 44 35 25 1 7 30 28 1 40 7 10 46 28 30 27 37
23 13 31 43 4 6 6 28 5 42 45 32 24 14 15 3 35 50 29
26 31 35 3 29 2 5 50 27 2 30 7 49 7 9 34 33 26 41
5 33 44 17 24 18 49 19 26 33 27 41 9 20 50 47 3 29 41
16 18 25 18 33 12 23 32 33 36 29 14 24 42 35 32 15 14 24
18 27 30 6 16 16 6 8 24 9 11 31 13 46 34 49 23 37 4
4 39 36 38 44 41 20 9 26 47 31 39 15 3 2 12 16 2 25
26 30 16 36 43 27 40 48 49 36 18 37 43 21 46 21 38 34 25
35 35 25 26 38 44 1 6 47 35 6 43 15 15 38 47 11 49 12
42 5 40 38 8 6 28 5 37 8 28 42 4 42 36 2 48 31 45
43 44 37 23 46 10 3 8 24 41 1 42 27 37 34 22 43 13 13