25 46 53 39 3 5 28 7 40 1 27 37 29 9 23 36 11 5 30 2
10 22 37 43 3 2 13 44 34 53 27 12 15 35 4 10 51 30 38 50
22 23 41 16 2 30 40 45 48 38 36 12 43 3 40 28 52 23 1 1
35 50 37 41 49 37 16 15 46 7 29 33 11 51 3 5 6 5 15 22
26 52 44 24 43 52 8 38 28 2 31 9 34 36 2 18 34 15 37 22
33 34 16 51 24 19 37 1 43 48 47 39 10 22 38 10 6 23 3 32
12 45 46 4 36 8 6 2 30 17 32 33 48 8 53 23 41 25 43 39
49 31 42 27 20 26 1 37 47 34 49 7 27 25 31 46 12 26 7 23
32 47 52 40 10 12 42 26 16 14 32 30 16 29 49 12 5 36 22 35
17 29 42 51 31 42 46 21 2 50 26 42 43 27 52 8 33 33 46 50
52 39 34 3 35 24 35 41 8 46 47