27 22 7  10 16 42 15 37 21 20 49 1  77 57 39 40 3
69 97 99 59 78 6  21 73 36 10 8  94 46 56 27 24 17
11 42 59 77 16 34 41 1  71 14 62 73 15 79 40 67 20
36 94 2  69 85 57 39 78 46 13 17 48 1  97 44 27 40
72 59 73 71 37 69 29 82 94 45 27 99 59 16 60 10 22
90 78 34 12 39 1  19 40 11 21 42 68 69 78 65 57 62
46 73 15 94 16 9  47 27 36 59 93 20 39 71 56 77 81
97 99 10 1  29 42 73 46 94 48 40 30 69 21 78 79 17
1  7  27 77 57 14 40 16 34 49 69 99 37 97 39 60 62
67 90 59 21 15 38 73 82 43 20 18 26 94 77 99 12 27
52 17 22 59 48 82 78 85 73 1  22 10 46 70 94 16 42
27 21 34 40 59 77 62 39 69 47 56 57 45 20