30 57 3 55 4 38 48 33 2 7 24 5 59 43 39 60 55 52 12
13 14 10 50 53 28 54 33 54 23 59 48 15 30 34 24 47 43 41
29 27 46 32 18 44 28 25 49 44 56 57 9 50 14 37 11 16 29
26 55 27 53 28 56 39 8 17 53 4 3 37 8 52 12 6 40 18
25 13 25 35 31 29 53 45 49 38 25 5 47 11 22 18 29 38 59
42 45 47 27 51 35 45 2 19 50 36 16 25 57 2 27 8 28 52
34 17 8 4 3 43 17 30 47 43 35 56 23 33 42 56 46 1 48
38 6 24 3 36 39 22 51 36 5 60 56 2 59 50 32 31 4 3
10 38 22 42 30 17 33 16 9 19 46 9 34 29 37 12 13 29 11
22 5 5 20 1 21 36 55 19 59 14 52 41 31 28 57 44 57 23
8 14 40 58 47 44 26 37 46 32 24 4 3 43 51 52 7 44 48