39 15 9  99 60 88 1  23 37 29 99 21 27 30 45 28 88
2  38 99 40 16 10 88 75 99 17 37 88 39 15 9  99 85
88 29 11 99 35 30 25 10 88 1  27 7  99 40 16 9  36
10 12 29 35 9  88 10 47 99 30 11 12 18 5  17 29 88
39 15 9  99 24 10 2  8  9  36 88 30 11 99 40 16 10
88 46 29 35 23 7  45 18 8  9  99 80 77 88 39 15 10
99 31 36 17 26 1  6  49 88 30 12 99 40 16 9  88 35
29 25 2  28 99 85 88 18 38 99 24 1  36 13 10 23 50
88 7  9  35 17 43 10 8  99 11 36 30 26 88 15 18 37
99 35 29 24 9  88 2  38 99 39 16 10 88 1  32 30 37
40 29 23 17 5  99 38 41 6  5  9  37 38 30 36 88 39
29 99 37 2  18 27 40 88 70 99 39 30 88 46 15 29 25
99 65 88 17 38 99 37 1  18 7  88 40 30 99 16 2  44
10 88 14 17 43 9  28 99 39 15 10 88 22 9  49 38 99
29 12 88 16 10 1  44 9  27 99 2  28 8  88 40 15 10
99 31 30 45 9  35 37 88 29 11 99 3  18 27 7  17 28
13 88 1  27 8  99 24 30 29 38 18 28 14 88 27 2  26
17 28 13 99 16 18 25 88 1  37 99 39 15 10 88 36 30
6  21 99 42 32 29 27 88 46 16 17 5  15 99 40 16 9
88 6  15 41 35 5  16 99 45 30 42 23 7  88 4  10 99
3  41 18 24 39 77